-12.6831188509 -9.1555682937 1.0
-11.9428945701 -10.5375900949 1.0
-28.4865148124 25.7020863944 2.0
-8.78206701624 -13.4607617223 1.0
-13.9305744245 -11.8029630312 1.0
-28.2543865026 24.5927433796 2.0
-12.2209086679 17.3419041715 0.0
-29.9868185521 24.2017483332 2.0
-12.7833248035 -9.82173767124 1.0
-10.0488747237 -6.92979284752 1.0
-13.0184422298 17.7043283992 0.0
-13.8350470688 16.664123319 0.0
-8.10647024187 15.708755893 0.0
-13.3004105262 -11.1741771562 1.0
-11.6554487744 15.3433438581 0.0
-10.2729294794 -13.2084649966 1.0
-27.202428498 22.3388578996 2.0
-12.8841639902 16.5869148369 0.0
-11.1741289402 15.0835070547 0.0
-12.5050911717 -8.9573326235 1.0
-29.7616997539 23.3289629553 2.0
-12.4285068462 -8.52961938232 1.0
-25.0606449841 23.7972798622 2.0
-33.2133011881 25.3841183829 2.0
-7.27015518466 -10.0751881101 1.0
-29.044841674 27.2841773833 2.0
-11.8269504733 -9.88950762748 1.0
-12.3361294696 -14.7032189492 1.0
-30.1271562053 27.491321339 2.0
-9.49052721637 -10.9388017288 1.0
-7.71422258487 -10.5618954759 1.0
-14.4435256265 -11.8571713375 1.0
-11.8442397234 14.8409883507 0.0
-11.6091546966 14.7264346479 0.0
-12.8104466013 -11.5033781561 1.0
-14.6702942055 18.174796602 0.0
-26.1584538089 21.4236674545 2.0
-13.5147517013 -7.57730391654 1.0
-31.8534832542 23.21869217 2.0
-13.622907957 -10.0554311026 1.0
-25.2108852725 24.6999808971 2.0
-25.2114902616 23.9179230931 2.0
-29.6114841929 25.6507457694 2.0
-13.615532759 -8.52821117583 1.0
-30.7382315418 24.7789370381 2.0
-23.5352364886 23.3375006825 2.0
-7.19150569837 17.7974563255 0.0
-26.2965217196 26.5695110503 2.0
-28.6296945638 28.2438450455 2.0
-26.1776232743 26.139993434 2.0
-27.3082568316 27.1715986259 2.0
-16.1781009319 -15.2625551315 1.0
-9.49690792079 -9.59653458723 1.0
-11.8778152505 17.4609947242 0.0
-28.300815005 27.2773174018 2.0
-10.630955551 -10.3387644519 1.0
-26.5299775384 25.4680639379 2.0
-7.44884693268 -12.7095832365 1.0
-27.8646784624 28.8103850299 2.0
-11.4899240291 19.0281142771 0.0
-8.26479635599 15.9961800153 0.0
-11.8142330238 19.0199686633 0.0
-12.505202313 -10.9305582406 1.0
-15.1279484706 -10.7615781136 1.0
-12.0872489848 -15.5230757004 1.0
-25.3288069925 29.7232768037 2.0
-8.78077313697 18.9877072251 0.0
-26.2442484439 29.9219775702 2.0
-8.72261428643 11.6711100265 0.0
-28.8539527394 26.2716691794 2.0
-4.44144300278 18.870206776 0.0
-10.6310507956 -7.73217434908 1.0
-14.840231489 23.1443974896 0.0
-27.0211453677 24.4045957509 2.0
-16.929634264 14.8113846692 0.0
-16.7783793701 15.31674692 0.0
-11.7866475192 -13.5032204751 1.0
-28.4197789309 27.3269833125 2.0
-13.0975948991 21.0789402483 0.0
-14.1665565659 14.7053460823 0.0
-11.7684530231 -11.4447243748 1.0
-13.2472332724 15.112341578 0.0
-15.9141794065 -13.9931749791 1.0
-12.0695165857 -11.4858859187 1.0
-29.7472715115 25.5701360538 2.0
-7.68337315182 20.9984984128 0.0
-11.1928001113 15.1178548752 0.0
-11.438108005 -8.53126193118 1.0
-29.1930376939 28.5912126332 2.0
-13.1479518551 12.7363396049 0.0
-7.99399550863 12.8819996742 0.0
-27.9036319909 29.4685559407 2.0
-12.8794004248 -12.6481296988 1.0
-16.4525603828 12.8536671107 0.0
-26.1287581009 26.6020937467 2.0
-10.9033276764 18.8279783715 0.0
-15.2853236371 15.5206170976 0.0
-9.25769134357 15.3476871771 0.0
-15.0110552847 -13.6307821663 1.0
-28.1426714833 24.990053788 2.0
-10.5456197466 12.3169530562 0.0
-12.3863967122 15.262483687 0.0
-26.375629243 24.4583348008 2.0
-13.7079115048 14.4460670236 0.0
-26.3915957326 25.2301369264 2.0
-11.385982752 20.8718203617 0.0
-10.51222496 -11.6602117864 1.0
-26.1817907047 28.7688225459 2.0
-26.7126371009 26.1901473455 2.0
-28.4845985629 27.1868108198 2.0
-15.6421067116 17.6513981947 0.0
-11.4762316362 -11.7485470793 1.0
-10.6115254511 -10.2172207797 1.0
-26.3822334137 23.1098280407 2.0
-11.8102362188 14.4789532565 0.0
-17.2374348468 17.2305385694 0.0
-9.56358541864 9.79146811096 0.0
-15.3431840301 11.7021071496 0.0
-26.2481042844 31.9985530082 2.0
-11.9180432291 13.7930432073 0.0
-26.8218576725 31.5325666157 2.0
-15.4980847942 -13.3972584305 1.0
-27.9790974284 27.2417865065 2.0
-28.9560987255 27.4502457762 2.0
-9.47167521761 12.7161595028 0.0
-26.8113102745 23.8667135413 2.0
-17.6361008136 -12.8023844346 1.0
-13.2088058688 -9.08538781256 1.0
-10.9127065714 13.2839235633 0.0
-13.3512340116 14.2936793264 0.0
-16.2629202181 14.3235252386 0.0
-10.8452005632 -9.03481610967 1.0
-8.08055787296 -12.025846658 1.0
-33.1304246615 29.49556952 2.0
-12.0869639356 -9.81030746207 1.0
-27.4739958012 27.9927376659 2.0
-13.882183906 17.2852512843 0.0
-7.78273228256 -9.49747435177 1.0
-30.2390671845 24.5553490509 2.0
-19.5983743323 -12.8158527184 1.0
-29.0968416383 28.9881472458 2.0
-23.5386581499 26.5935216773 2.0
-27.774289502 22.9766474542 2.0
-25.610887949 29.6566328545 2.0
-26.3524765036 28.35923209 2.0
-27.9896978211 23.9014557394 2.0
-18.512899375 13.0789056257 0.0
-14.7349348829 -9.05449761684 1.0
-25.2504409851 28.8226844219 2.0
-12.5690946452 -6.25670820838 1.0
-13.4797181319 -11.9329838925 1.0
-11.2172063636 12.0597581879 0.0
-28.3193548002 29.5531314841 2.0
-16.4141394686 11.2033404942 0.0
-25.8233948605 28.7537334113 2.0
-12.2392181599 -11.4902693206 1.0
-7.79720066926 14.0340119365 0.0
-10.0123984098 -11.4818329717 1.0
-28.0508533145 26.3214209081 2.0
-26.3245491152 23.7275372928 2.0
-12.1064006445 -6.90091560746 1.0
-13.7698106239 16.4668451121 0.0
-15.713626017 18.878088347 0.0
-11.7035345893 19.2469700222 0.0
-13.9583126315 16.2598010424 0.0
-16.7086240665 20.2207681716 0.0
-29.164774424 25.9596535347 2.0
-31.3658506069 25.4443593794 2.0
-25.1670909738 27.1569098213 2.0
-10.8546596121 -13.8148130225 1.0
-10.9516235767 -14.1331773584 1.0
-28.171090981 24.9149439239 2.0
-29.6086506045 26.4781189584 2.0
-11.7617448892 -9.09659044218 1.0
-15.2990945317 -13.7381374337 1.0
-30.6269423115 24.3083551718 2.0
-27.9666364318 28.1940338889 2.0
-14.7901415385 -13.3720382182 1.0
-11.1526431406 13.9362670146 0.0
-26.2325393653 25.4057876158 2.0
-11.7513666809 -12.4455614111 1.0
-29.6215449335 25.9487235842 2.0
-12.7282461089 15.6271278917 0.0
-24.4612903101 32.3028527075 2.0
-26.8517835786 26.8314783045 2.0
-8.91388307248 -9.51139894503 1.0
-29.9207395279 24.4065684131 2.0
-11.599271303 11.9690863402 0.0
-9.15707394282 13.7259059114 0.0
-30.5866984445 26.0132314234 2.0
-13.4503029072 16.1943857541 0.0
-11.0531915774 -9.76770164547 1.0
-10.8224941114 -14.9297901985 1.0
-27.1606623418 22.6896526313 2.0
-14.5004487714 10.7370212563 0.0
-31.2499494006 27.7095679381 2.0
-29.5744637015 21.9808890928 2.0
-32.0598414026 26.2917783338 2.0
-16.6261250721 -8.50551641922 1.0
-14.2889266267 -8.4336831569 1.0
-8.42235074181 17.0057037473 0.0
-30.0773034249 30.4726081007 2.0
-16.6334822632 18.1536157562 0.0
-11.4667353819 15.4925130631 0.0
-13.801342801 -14.2709808176 1.0
-28.9955206466 24.3292080117 2.0
-25.7615282775 28.2477849114 2.0
-26.1415453378 21.8866546014 2.0
-9.03422076378 -9.75081923293 1.0
-13.0696371921 -7.08278689741 1.0
-12.9459344253 17.5026915428 0.0
-11.8105401812 -13.1973054679 1.0
-10.8052185895 -8.84362963998 1.0
-12.9172541103 -13.5044822975 1.0
-16.6487185603 17.4442211926 0.0
-13.0654559832 13.5333887877 0.0
-13.5844825026 -10.5483832253 1.0
-11.6745483171 -12.6916968041 1.0
-9.76900411299 -14.9789504394 1.0
-15.2130282826 -10.6446774965 1.0
-12.4449877491 -12.843062936 1.0
-12.0105160853 -12.5843733852 1.0
-10.8505643282 -9.31710954248 1.0
-9.78883170055 12.5647372421 0.0
-14.0027678342 -8.77831203992 1.0
-24.0782337838 25.8016071045 2.0
-14.4512701385 16.8698622914 0.0
-12.6953438546 21.7111822092 0.0
-10.9288073777 -11.8253114334 1.0
-13.9647267073 -15.3401139956 1.0
-9.37706640864 -10.0717957186 1.0
-11.5996901446 15.8985310792 0.0
-9.36800516084 -9.88619836756 1.0
-13.7748008127 -11.1545714161 1.0
-28.4935858166 32.7302258425 2.0
-28.9235638039 26.6500561111 2.0
-29.181775424 27.4406158941 2.0
-26.5624294039 29.0202424963 2.0
-28.4216652977 24.8061445632 2.0
-12.3154429744 -7.89416310755 1.0
-10.9612347291 13.9952371479 0.0
-29.5929990901 25.6085083269 2.0
-11.0018301294 14.6796205983 0.0
-24.4280246098 26.2882483586 2.0
-8.43043232987 -15.2152635078 1.0
-27.3213821816 26.456367687 2.0
-9.86890691821 -10.462643959 1.0
-11.2268729591 18.6221106106 0.0
-11.3527722669 18.3280996852 0.0
-9.95630060524 18.8112711405 0.0
-13.4069956329 -12.1576204293 1.0
-26.9682702087 29.0464378893 2.0
-30.7936826036 27.4717760089 2.0
-11.840134305 18.2846421447 0.0
-6.20151214158 18.3459133565 0.0
-11.2264866817 -13.5153687961 1.0
-25.6576140869 24.3041731437 2.0
-9.95913467288 -11.7546984292 1.0
-13.0188659432 -12.6934520469 1.0
-26.0017985425 29.6171387243 2.0
-25.5563539423 31.987877182 2.0
-10.9948029153 20.2061748542 0.0
-10.4623864843 15.4659196808 0.0
-8.52558301983 -10.1491807884 1.0
-26.0107057866 22.4780293088 2.0
-24.785227715 27.3495850541 2.0
-28.1310895672 24.8649306516 2.0
-25.8948739132 27.9776462689 2.0
-29.1263894696 26.5507751402 2.0
-15.1766380447 8.88239875467 0.0
-29.1480457163 20.297692972 2.0
-9.45213915093 -7.05327188074 1.0
-14.4733164178 -10.1589048142 1.0
-11.6411745423 -9.4029360981 1.0
-11.5317098003 -8.99566165125 1.0
-13.9309798679 21.0477725075 0.0
-13.0766557587 17.4174959331 0.0
-10.3829117708 -10.2965535964 1.0
-5.66847017308 16.4169611306 0.0
-14.6248981192 -10.888758975 1.0
-14.194427299 12.0907701206 0.0
-14.1128244038 11.9677116751 0.0
-30.0542263023 23.4874097078 2.0
-13.364849812 -4.389355101 1.0
-12.5313839109 19.6411417972 0.0
-10.8519862997 -16.368367988 1.0
-13.5504633913 -10.4896718735 1.0
-28.3264771413 24.2983912494 2.0
-12.3206812759 18.5302909691 0.0
-11.368854046 -14.1217626494 1.0
-26.3911237869 27.5840110837 2.0
-9.75581480908 -14.6034241608 1.0
-10.7632148393 12.3584592727 0.0
-9.68294617676 -13.052411628 1.0
-31.8811691958 29.2840740142 2.0
-14.9079614374 -12.2089574615 1.0
-14.9787324597 13.5820804033 0.0
-11.9810073735 -9.6581470154 1.0
-26.9332160415 24.8910232478 2.0
-9.45298418288 -9.95281956359 1.0
-32.5662234289 25.0962233007 2.0
-11.5961031839 14.7801804671 0.0
-10.6887722124 -12.695293117 1.0
-26.5691399817 28.0399096408 2.0
-9.73179186448 -12.0432162032 1.0
-14.0126121536 14.3568392815 0.0
-13.5823360764 -11.7447703562 1.0
-11.0330179429 -14.5341652294 1.0
-13.0585478292 16.2258309124 0.0
-12.4641329164 -13.9014007404 1.0
-30.9949504653 24.96649991 2.0
-11.0720146654 -10.5074826228 1.0
-12.2687416818 -15.5503326591 1.0
-13.9511681754 16.0326212994 0.0
-9.79041571684 -11.664553823 1.0
-27.8523621555 27.8287601595 2.0
-25.1707846232 28.255589966 2.0
-11.7957504095 -8.91551881046 1.0
-13.7579097583 20.1372337823 0.0
-9.7184276079 -9.8335750376 1.0
-29.46208807 23.6493372611 2.0
-10.9219681923 -10.0239395589 1.0
-15.2665310688 16.0919510134 0.0
-12.5455907539 17.2332567592 0.0
-12.1953202325 16.7840191232 0.0
-26.9634627854 26.3579044603 2.0
-27.2248821863 25.548559428 2.0
-8.32825998694 17.0887628076 0.0
-31.000071386 25.8102975734 2.0
-12.9120778678 14.1489684708 0.0
-8.28054782565 -12.8582912254 1.0
-27.403610897 25.85832604 2.0
-10.7162367063 16.441627041 0.0
-12.3968258538 -9.55288878489 1.0
-28.3214594582 27.5709735977 2.0
-10.6938666675 16.0504732568 0.0
-30.7636902449 29.250185215 2.0
-25.7219655961 27.2501559649 2.0
-13.2265017564 14.4348498848 0.0
-14.2262356127 14.3369258816 0.0
-25.7979037103 24.3908939894 2.0
-11.3895482523 16.6811389066 0.0
-14.5254023614 -10.0585222951 1.0
-20.346544549 17.5356167388 0.0
-8.70882053344 -16.4502876694 1.0
-12.170353332 -9.24495072552 1.0
-27.0629174955 26.1837278153 2.0
-14.5622632868 -10.6042642129 1.0
-14.1389935976 -9.63736440663 1.0
-9.82315307071 12.1138967626 0.0
-24.9262311755 23.5199221811 2.0
-23.2800455044 25.6560993948 2.0
-25.8382025001 28.004789293 2.0
-12.0081962521 -7.0150156133 1.0
-10.9610559889 -11.1297785125 1.0
-14.1693545559 20.0297467115 0.0
-9.21068959093 -10.0539500771 1.0
-11.5352122419 18.0571536698 0.0
-10.4304069123 -10.35851015 1.0
-28.012869365 21.3228341269 2.0
-28.3228417314 28.5350290555 2.0
-17.0555671844 19.4580798619 0.0
-15.9354268263 19.0234332567 0.0
-14.7678994348 16.3801369903 0.0
-31.1725906723 28.7779025445 2.0
-31.032985855 26.7882044847 2.0
-12.3619813334 -7.77045412693 1.0
-25.3732932383 22.692595535 2.0
-13.1896415472 13.3551114398 0.0
-27.9114978431 25.8927841465 2.0
-9.8450657277 18.6543677741 0.0
-26.6590379375 23.2274506729 2.0
-13.0973380533 -13.0124173611 1.0
-9.76551504521 -10.3498374758 1.0
-15.1260112502 -12.4055721285 1.0
-10.1823379438 15.569540371 0.0
-28.1341665235 28.1319383241 2.0
-30.00460096 26.4181729955 2.0
-9.33750191336 -11.3880588832 1.0
-24.5261205478 27.770322871 2.0
-25.9965451412 28.8378626387 2.0
-14.227288601 -10.2815307875 1.0
-11.1215161876 18.3971111344 0.0
-16.5879318407 14.3260650904 0.0
-13.5370322341 17.6202427246 0.0
-28.1425797594 23.0891774769 2.0
-13.4140290153 -8.72947035934 1.0
-14.4476157121 17.7611870927 0.0
-17.088818396 20.1726589735 0.0
-28.3656835821 25.7943826412 2.0
-11.161435822 -7.16238623509 1.0
-28.1135954801 20.6223179047 2.0
-6.96223499302 16.9194804613 0.0
-7.65731730384 -8.75166680852 1.0
-9.81333832952 -9.88857892239 1.0
-14.5696379498 -12.1034687567 1.0
-26.3490905117 24.4383469422 2.0
-16.8773177431 18.0604976357 0.0
-27.3964622298 25.3570029216 2.0
-11.3492573183 16.2513525534 0.0
-29.1952787903 19.163017982 2.0
-29.1758276745 29.780027291 2.0
-10.7776442503 14.4411035777 0.0
-13.4444054957 17.0934444025 0.0
-27.0678910965 27.2942586092 2.0
-11.9210558562 -10.9402428746 1.0
-15.101282738 13.7150042133 0.0
-11.99729021 -10.7634363954 1.0
-13.0327194537 18.6780164917 0.0
-8.14119099146 -8.88129851589 1.0
-14.7416345861 13.2901066986 0.0
-10.586454875 -10.047549674 1.0
-26.8152718947 24.8878525102 2.0
-11.5504198306 15.0917358911 0.0
-10.9315341359 -11.6425088646 1.0
-10.5339812004 16.5760994839 0.0
-15.2134032564 12.823284567 0.0
-29.1817734295 23.672090678 2.0
-13.7614223198 16.8214433744 0.0
-13.2227098598 -10.4359199711 1.0
-14.2388616837 21.7041450118 0.0
-30.0520772099 23.4063901096 2.0
-29.6187272151 25.8616942457 2.0
-10.7618881888 -12.9669229923 1.0
-8.08701209721 15.0623461108 0.0
-16.0074569598 -6.48592040547 1.0
-10.1694640118 13.2895904704 0.0
-9.98033544827 -14.003511036 1.0
-10.501891954 15.665138169 0.0
-9.53902869412 15.3651003788 0.0
-12.3440806886 -13.4569831272 1.0
-26.2112165305 26.068536965 2.0
-31.4954899658 26.056304268 2.0
-26.7557961168 20.2834034212 2.0
-26.281356451 26.4669508352 2.0
-18.1807042585 13.0780976496 0.0
-24.9515566434 30.4720059502 2.0
-11.7877650219 18.8054520958 0.0
-28.5738331251 26.0009620232 2.0
-26.4791784338 25.8897610866 2.0
-29.1387824644 24.7175633102 2.0
-26.7504256948 23.6517983038 2.0
-10.898042181 19.0876099452 0.0
-27.1178707662 28.6494696779 2.0
-12.9365345393 -11.1741738863 1.0
-26.4629388148 26.5989576647 2.0
-17.5315482252 16.4655946606 0.0
-13.730189762 16.6138303293 0.0
-14.6676915629 -14.8580214033 1.0
-26.0414722362 25.1738572602 2.0
-5.37398620932 -9.65396412853 1.0
-11.3629048618 -10.5594766527 1.0
-13.0884030814 -10.8144416275 1.0
-28.4416580495 25.3141466296 2.0
-13.0893949642 -13.1049623198 1.0
-12.9316342326 -10.6411813747 1.0
-7.94113447541 -11.8726645581 1.0
-29.2767324364 24.8905998133 2.0
-12.1390183669 -7.51845938128 1.0
-12.8866008094 17.4937269924 0.0
-14.1143744088 -11.9363819585 1.0
-11.8796725644 16.1550316153 0.0
-29.32904296 26.3843025692 2.0
-10.4709256251 21.9935950385 0.0
-9.1975174438 14.7278700748 0.0
-31.2957538751 24.3252613393 2.0
-11.0654073729 9.5148058898 0.0
-9.90229234395 -11.4005744965 1.0
-30.1939799242 22.7952766415 2.0
-10.7097339092 16.8459616854 0.0
-11.5257371957 -11.35718816 1.0
-12.8807195465 -10.5556848988 1.0
-12.5790061277 -9.77248458549 1.0
-12.3256236482 -15.093892244 1.0
-10.9119221402 -12.6347114128 1.0
-14.8646796566 15.3366330401 0.0
-12.9873943317 14.9651467379 0.0
-16.72046919 -11.2877120429 1.0
-10.6696385737 15.3342313526 0.0
-11.1993553421 -10.0580997606 1.0
-27.9298688527 26.3533936216 2.0
-27.3549521842 26.1721385203 2.0
-14.8679789346 18.8163868765 0.0
-12.0483138933 13.8423205271 0.0
-24.9402903586 30.1370109623 2.0
-6.27177004512 -12.7462235583 1.0
-24.0992268238 27.0362289357 2.0
-32.5358639919 27.2176465175 2.0
-13.6709625466 -12.849579542 1.0
-13.3086315308 -9.64342563667 1.0
-31.5690149744 28.5690250868 2.0
-10.135693543 -9.17962428886 1.0
-29.709380983 24.1845991697 2.0
-12.3577385865 17.2726675273 0.0
-12.6699562208 -12.6054488011 1.0
-8.83520448389 -9.27040203352 1.0
-30.2992214491 25.1862942295 2.0
-11.4030658829 -9.02383356162 1.0
-11.210283868 13.4625659429 0.0
-13.1995012693 16.8577532956 0.0
-7.13066984945 15.0675359037 0.0
-15.1110046788 20.0542024775 0.0
-28.275169692 25.5969047222 2.0
-10.760212041 -13.2598955734 1.0
-8.69403172952 -13.0023630533 1.0
-27.5161396686 24.3230092441 2.0
-26.9692031949 17.6838946119 2.0
-8.99857853251 -8.01632229066 1.0
-24.1826744243 27.7438694604 2.0
-24.3955812085 24.8197674341 2.0
-13.6078222593 -14.2437692595 1.0
-11.9928468693 -13.4292889764 1.0
-12.7270724523 -9.01828054829 1.0
-28.4625356899 29.6713906676 2.0
-12.1919676872 -10.9838232144 1.0
-26.3567278212 29.0293606591 2.0
-29.1743900968 23.3028603865 2.0
-12.0712083295 20.9512257393 0.0
-15.1850714765 12.1169960494 0.0
-13.8405569014 15.0588424934 0.0
-16.336408613 13.7935291887 0.0
-8.90004261028 14.5764015215 0.0
-25.8362875446 24.6413685525 2.0
-14.4025409925 -8.90844180478 1.0
-25.5831349392 27.8581579351 2.0
-8.63676797037 -9.86065238017 1.0
-15.9181246908 -11.5384325535 1.0
-9.57856084128 13.9480001135 0.0
-9.96279077029 -14.8590077702 1.0
-29.7608377193 21.670972397 2.0
-32.8759098334 24.2610955838 2.0
-11.1419605902 -9.59210396633 1.0
-28.6057789949 28.7801843686 2.0
-25.8488563439 27.3214202018 2.0
-14.0489019423 14.1095477675 0.0
-11.4530111616 -9.61219189482 1.0
-27.0679918101 27.3332782646 2.0
-11.8497424696 -10.6680703919 1.0
-10.828897924 -13.4650238435 1.0
-28.041250026 26.4854846283 2.0
-9.98117754449 10.6747744733 0.0
-9.84320344411 17.0741492909 0.0
-26.7613953829 28.7927078074 2.0
-30.3159238602 23.284360798 2.0
-9.08565813951 17.0466660451 0.0
-29.1525738986 23.9559309544 2.0
-29.3077975604 21.828084661 2.0
-15.1527927846 17.3217946159 0.0
-24.9396400811 25.3575040438 2.0
-12.286742496 -13.4536588615 1.0
-13.3648389664 15.1626132906 0.0
-29.4565224364 28.089032543 2.0
-14.9083133283 18.0911565216 0.0
-9.61813780002 15.635001897 0.0
-29.255748391 31.6538431695 2.0
-13.7907744728 17.3000085199 0.0
-31.0594190625 28.4099107171 2.0
-11.1237153052 19.3452698023 0.0
-27.2578506802 25.992433752 2.0
-28.3954638824 26.7677065486 2.0
-7.79762702398 15.8923495625 0.0
-14.1084647343 -6.35778579614 1.0
-11.6178051116 -11.9818712156 1.0
-13.3403546553 -10.421220564 1.0
-11.9706005517 -12.8018317187 1.0
-21.4593470411 29.6292415146 2.0
-25.3282694375 26.2128306118 2.0
-17.3649377913 -10.6234716135 1.0
-10.7897418488 -9.58982010767 1.0
-13.6290049676 14.744790398 0.0
-28.1208926271 29.3438441507 2.0
-14.410751295 17.9554424433 0.0
-16.2393869494 17.8198465808 0.0
-28.1770576701 27.1711394783 2.0
-28.4685835057 30.7399536031 2.0
-15.0098158437 -12.2534402827 1.0
-12.9342815707 -13.1677424837 1.0
-12.1985841465 -13.4727103332 1.0
-11.3488009773 21.4975190196 0.0
-13.5889013673 14.5991258514 0.0
-24.2362933619 26.2661335404 2.0
-14.3329968309 -10.1036171234 1.0
-9.86931349743 -10.5732060051 1.0
-28.442502424 20.9607550661 2.0
-19.2867427336 19.3354133465 0.0
-10.3983455123 14.1193657494 0.0
-30.7832796122 26.9434417493 2.0
-25.4422967122 29.5549220156 2.0
-10.892317043 14.0908855543 0.0
-12.7295582174 17.8740292192 0.0
-18.195391779 18.1572885532 0.0
-15.2922281374 19.6165617772 0.0
-11.4548243028 -10.9618731566 1.0
-4.39685676725 16.9015965453 0.0
-29.3778389887 20.6894728325 2.0
-27.5576541039 28.8976078398 2.0
-13.919136039 -10.9247409843 1.0
-17.5011948695 16.9239374114 0.0
-11.9454687541 -10.8191267764 1.0
-18.7314248621 -13.6249622201 1.0
-9.91210480391 -11.9404453791 1.0
-11.5817740094 -11.9169467246 1.0
-28.8312725149 24.9510014565 2.0
-29.8822911639 23.0692785714 2.0
-11.7435441942 -12.0042934993 1.0
-12.9691693684 15.9844353117 0.0
-29.2409630281 26.8887193916 2.0
-25.1955072269 24.8571406488 2.0
-32.7896476641 21.575256635 2.0
-25.5519529575 25.1204946589 2.0
-25.4998528687 25.1549482063 2.0
-14.0483547191 17.1137360426 0.0
-12.6011701103 17.8585405421 0.0
-31.6418718047 24.8753486539 2.0
-11.3997133432 -10.9075208286 1.0
-15.2323404778 15.6654112893 0.0
-14.5290388015 -11.9063350658 1.0
-12.9108947217 -9.04784229239 1.0
-29.2240498074 26.6289038794 2.0
-12.2408462505 -9.98573901683 1.0
-30.1174283398 23.9751027413 2.0
-11.7818304941 -8.45498961669 1.0
-15.475848863 -12.1318174085 1.0
-13.3510718523 -14.1859761629 1.0
-15.3257033863 15.2027222183 0.0
-29.6558245693 27.0097715015 2.0
-29.6426473142 20.9508370228 2.0
-11.6013275773 -11.203232168 1.0
-10.1613163094 16.1168514929 0.0
-25.2791201989 23.2601316424 2.0
-30.2703897376 31.2043604934 2.0
-12.6894117908 -7.67735381166 1.0
-27.1738709144 22.9953328388 2.0
-9.26908739254 -9.92643430478 1.0
-32.0240965127 23.8904454484 2.0
-10.3067569324 13.9467665869 0.0
-9.3706972074 17.382260322 0.0
-12.5427117313 13.689286879 0.0
-24.4363556026 24.3503793255 2.0
-25.1495671712 23.0742352799 2.0
-16.5308582741 -9.60092192182 1.0
-26.0798907961 24.0567115565 2.0
-13.3066263426 -13.5652376839 1.0
-9.33432554146 19.9863944093 0.0
-16.8161978809 15.0164873583 0.0
-11.5204514782 -10.6569783661 1.0
-18.4623360192 16.9394685824 0.0
-27.6877273022 26.9377933998 2.0
-23.6094751478 29.5800332989 2.0
-11.8044748054 -11.2453521228 1.0
-15.7346267883 15.9888732456 0.0
-10.4778967446 13.9246002735 0.0
-13.5104486071 14.629384791 0.0
-12.8448311395 -10.7268625165 1.0
-9.37892038621 15.8763375201 0.0
-12.7843145302 -9.22490338391 1.0
-13.1862410481 16.3428229134 0.0
-6.69755458708 -8.97344413295 1.0
-13.9590968086 -9.07328747224 1.0
-32.4435335861 29.3015539417 2.0
-12.3311143349 18.9323350489 0.0
-8.58346131762 16.3333358132 0.0
-14.1354299854 15.3788509011 0.0
-29.7137510649 24.600569773 2.0
-10.3598170475 17.2897890917 0.0
-28.9821597903 22.1144243884 2.0
-27.307826699 24.0476064107 2.0
-9.79232078506 20.5212148147 0.0
-13.8293291672 14.4136876091 0.0
-30.0414591272 27.321583235 2.0
-30.0900653959 24.7668321912 2.0
-16.310651418 -8.04274633157 1.0
-30.7620252419 22.1614070387 2.0
-13.9351666609 -9.37002269996 1.0
-12.6635840073 -10.8279395766 1.0
-17.1122700961 19.3284673787 0.0
-14.9309691068 15.8562718784 0.0
-13.5841112641 14.2175595146 0.0
-8.63278070558 -9.06753378326 1.0
-28.5666007174 26.3155512839 2.0
-27.2158133178 22.8235951964 2.0
-30.6955101945 25.5314093698 2.0
-10.3043007175 -12.815497719 1.0
-29.3858226457 24.0774528951 2.0
-25.2458918627 27.1948199224 2.0
-7.94564391562 17.9663329952 0.0
-10.8233437602 -8.78417637826 1.0
-12.6974183988 -11.2278337548 1.0
-26.9172148112 21.9769361775 2.0
-26.7416304734 25.911354904 2.0
-11.7707960125 19.2647770827 0.0
-28.2605593514 22.972024196 2.0
-10.9064586864 23.158275906 0.0
-12.4318909858 -10.3271177362 1.0
-10.6602170062 17.7890283047 0.0
-27.0779837129 27.3949712617 2.0
-11.2749949717 -11.3219581169 1.0
-10.1341506663 17.3702260853 0.0
-26.9094407053 24.6310054855 2.0
-13.9517983651 -9.17707814747 1.0
-11.2590224798 -11.0427233919 1.0
-15.9561624073 16.7909359888 0.0
-12.8406548763 16.3194526413 0.0
-11.3311471492 15.5902140554 0.0
-11.6663977553 13.52221549 0.0
-14.6658263666 -10.2553190448 1.0
-7.20219842581 -13.1730239615 1.0
-14.6789588034 13.5581779331 0.0
-10.9887736702 18.6398446426 0.0
-8.9182661225 -11.9742800697 1.0
-30.8173780582 24.7717997041 2.0
-10.0645193365 16.3483059511 0.0
-14.2271122408 -13.6044539439 1.0
-7.44653178274 -15.2201351245 1.0
-11.5145305092 21.1139891042 0.0
-14.9176802425 15.6319358386 0.0
-12.4372471083 -14.8701599726 1.0
-12.7171414495 16.7858476457 0.0
-24.1022751964 26.6609990872 2.0
-11.4604383512 -11.543497973 1.0
-29.4857647562 26.0531512776 2.0
-10.5744212056 14.1164216228 0.0
-17.9681611007 20.3005749755 0.0
-22.6685999749 28.6383801213 2.0
-27.5681054802 24.7182591109 2.0
-15.164452113 -14.7437238326 1.0
-31.1478615567 25.3699980916 2.0
-16.204059039 20.8428148735 0.0
-11.9031698886 15.1006694357 0.0
-26.1176683086 22.834289935 2.0
-17.2038485969 -10.386579449 1.0
-11.1980934317 15.9562186097 0.0
-13.471043764 -10.6110054996 1.0
-28.7179617334 31.3649706666 2.0
-14.2262830442 -9.61870701138 1.0
-11.1551308036 14.0592566372 0.0
-25.5695095864 26.1997087577 2.0
-12.1046962626 -13.0736937565 1.0
-29.7874196679 29.9700693421 2.0
-9.34777211535 -8.53163880056 1.0
-10.0718551257 -11.4997294859 1.0
-13.9423749981 14.7234416742 0.0
-13.9898688415 21.0581364528 0.0
-9.11678670123 -10.5278628295 1.0
-11.9987682495 -12.5454733552 1.0
-25.7741134271 26.7669996655 2.0
-31.8962420431 26.4337754423 2.0
-12.5510028313 -8.24815953294 1.0
-28.5734357437 28.2016685304 2.0
-16.6325741967 14.5413462821 0.0
-9.41366070787 -10.7721808765 1.0
-9.14535377842 -10.5547495681 1.0
-28.6776522987 25.5967199088 2.0
-12.6044659177 -9.0491799356 1.0
-32.4673520293 25.1827566155 2.0
-12.6650385218 14.7633901908 0.0
-17.0132332574 14.3987438382 0.0
-26.845573998 26.5380136641 2.0
-14.9790502592 12.614309062 0.0
-13.055472978 -10.8262282595 1.0
-24.1965629686 28.7568047181 2.0
-10.14375618 16.0506519054 0.0
-11.4205087621 18.3722108695 0.0
-11.2324917351 -5.30739750889 1.0
-9.85397296912 11.6796782372 0.0
-8.54869590948 -9.19898448031 1.0
-13.820955802 13.7447773672 0.0
-15.5598215083 -12.8030513122 1.0
-13.7609020443 14.2170343849 0.0
-13.500117221 18.6271669458 0.0
-12.0554433732 -10.9779905745 1.0
-30.2460185808 24.8060233296 2.0
-10.2569844274 16.4166020288 0.0
-12.7194461757 -11.5212600205 1.0
-9.78340798354 17.1888981763 0.0
-10.5890219608 16.9006209157 0.0
-5.72997872261 -12.0916970884 1.0
-14.5412478725 16.901765319 0.0
-11.6739532014 -14.1441127912 1.0
-26.5323656606 28.0274220899 2.0
-12.304581951 -11.0271657452 1.0
-10.3587920974 -17.4244673298 1.0
-9.87655594043 18.5768981774 0.0
-8.46888935173 -8.66521653832 1.0
-28.3548398502 25.4751620048 2.0
-13.1767942906 -14.2067285613 1.0
-15.4472690017 -7.91744231456 1.0
-15.1699131391 15.6082092498 0.0
-9.91726600289 -11.117161318 1.0
-20.7298044217 14.0380936893 0.0
-10.0476732843 -11.0980116027 1.0
-29.1170201406 24.7478516181 2.0
-12.54358193 -11.4853296426 1.0
-25.7133451122 29.3507458044 2.0
-14.8024060803 -9.99347074635 1.0
-28.9471236207 23.4688351326 2.0
-21.1084018184 24.5847583545 2.0
-25.3443309671 24.9618445605 2.0
-10.0000640452 -8.9979676869 1.0
-7.43258332429 15.0951497896 0.0
-28.190837748 27.9759278501 2.0
-7.68053185632 -13.3335114728 1.0
-9.00932660854 -10.8749668167 1.0
-29.1534219411 24.993320727 2.0
-14.1510546139 -13.2503599285 1.0
-15.5399378905 17.4577343737 0.0
-13.4407845618 -15.9426367757 1.0
-11.2904625658 16.3557846409 0.0
-7.04398252714 -11.4078854476 1.0
-14.3889863842 16.0859730529 0.0
-11.9420105752 -15.6742599806 1.0
-12.1455686899 19.9921795102 0.0
-15.3770351148 17.7908559571 0.0
-26.7119614569 23.2489382739 2.0
-16.7335337259 -11.5557574837 1.0
-26.9985570551 26.2784417777 2.0
-10.7534991199 13.1458042586 0.0
-29.9599060018 28.0349491481 2.0
-11.56503277 16.7508861256 0.0
-25.6737164587 24.2576436306 2.0
-16.1621987506 15.2832676277 0.0
-7.9782295118 14.0616857641 0.0
-13.4907646228 -6.9499679724 1.0
-23.9609970942 25.9742333631 2.0
-13.2617409767 16.6626957557 0.0
-9.57378236147 14.4425562071 0.0
-11.1271035461 17.0903610176 0.0
-16.5241770561 19.6718879609 0.0
-31.9940211522 27.7599943229 2.0
-31.8085268742 29.0287599197 2.0
-27.4585897085 25.9708581083 2.0
-26.2930836796 27.1885690466 2.0
-28.3132966504 26.3252833379 2.0
-14.4222737344 12.0657022625 0.0
-5.81676740246 -8.92144939639 1.0
-31.6536405574 25.5507419918 2.0
-12.8903376867 -9.24324979677 1.0
-8.63285908719 15.2021499307 0.0
-10.9181941385 -11.430964299 1.0
-10.9455523756 -10.4807994472 1.0
-12.7071873702 -12.2825048465 1.0
-13.9714516208 18.4110921916 0.0
-12.0380581903 -10.8304296014 1.0
-6.60664220143 21.2812930329 0.0
-11.6585758323 17.4889116031 0.0
-11.8875398501 -9.63321276374 1.0
-10.5511703894 16.3224366396 0.0
-14.8368757756 -10.0321045599 1.0
-22.0047206956 23.7935884033 2.0
-11.8712191856 13.551187458 0.0
-14.0388364858 19.1758794595 0.0
-11.9980107826 16.3037788024 0.0
-26.6756879501 25.2364292686 2.0
-16.1687689009 16.8043292393 0.0
-9.23185861842 -10.7761309568 1.0
-26.5409797138 24.0658657536 2.0
-15.9781488319 -8.38166792265 1.0
-15.1015220419 15.6416073052 0.0
-10.2480704825 14.5210114626 0.0
-10.12131801 -8.64269692494 1.0
-15.0370266794 -12.0537143191 1.0
-13.3267774532 14.0794681265 0.0
-17.5774179696 15.602043134 0.0
-12.7097277789 -7.75483975533 1.0
-26.0886259262 25.1617106536 2.0
-7.95205586346 -10.5138217429 1.0
-14.2846294452 -11.3681844406 1.0
-28.7008829716 23.8687786917 2.0
-15.0170381051 21.029008037 0.0
-9.50013407603 -10.6470422273 1.0
-12.2881878683 18.3605319712 0.0
-27.6701088761 28.2458615026 2.0
-11.2093748235 -13.6967906269 1.0
-14.7843873559 -9.82851451687 1.0
-25.3178423348 27.0539310102 2.0
-12.5854030678 17.7841218909 0.0
-10.188546952 -11.3084594218 1.0
-27.7833997239 27.2821903888 2.0
-26.6038149319 22.9813322919 2.0
-12.8748199048 14.1576995834 0.0
-7.21813467577 -7.07154334713 1.0
-27.1894874159 30.1939959909 2.0
-5.80963907723 -14.6509195263 1.0
-11.1800590954 -8.37534640565 1.0
-29.1425302235 24.1977157605 2.0
-28.6040487876 25.6835832963 2.0
-12.9547411997 -10.1429902641 1.0
-28.8322778492 26.6175177854 2.0
-27.5274933236 27.1581992442 2.0
-27.7183943431 26.0554671246 2.0
-12.9845120713 -14.6032242552 1.0
-12.5209438904 17.923768841 0.0
-12.5100522313 -12.3223027293 1.0
-16.7843010477 13.3883954093 0.0
-27.6483406887 25.2533049946 2.0
-9.41638133869 -13.6922393302 1.0
-28.7897603382 28.4585518025 2.0
-27.2980937756 28.788202019 2.0
-13.0984355121 15.2792414692 0.0
-24.7053194478 24.0430378582 2.0
-32.4671506267 20.7447758262 2.0
-29.1613504688 27.9422712619 2.0
-10.4728903771 -10.5771458209 1.0
-30.2578508408 22.4408134779 2.0
-11.4959283376 -10.360122162 1.0
-12.4563282921 14.6468781865 0.0
-9.43595788449 14.0325425568 0.0
-33.8197707104 28.2051712178 2.0
-27.4972694715 27.4484003983 2.0
-13.0226867889 -9.14109926615 1.0
-14.4158416271 13.5070608818 0.0
-13.9377028026 -8.42613045893 1.0
-9.35950741549 -7.44570965333 1.0
-11.7913762027 -15.0222554316 1.0
-9.90677061803 -11.0701225167 1.0
-28.5919976014 27.2621334762 2.0
-10.8131874868 18.5912684278 0.0
-15.2654211257 -12.0837175323 1.0
-14.6865403614 -13.2525027746 1.0
-11.3616696906 -12.978584045 1.0
-28.4168939226 21.519319161 2.0
-26.4667221317 26.3624669088 2.0
-12.7779340156 -12.4277402917 1.0
-25.2174879307 24.3674338141 2.0
-14.4778989041 14.3475947362 0.0
-10.6209832222 16.4572306637 0.0
-27.2013811154 26.4943562474 2.0
-15.2867788855 19.1728111151 0.0
-12.5065197923 -11.4104918796 1.0
-26.8286383883 26.2643362097 2.0
-15.867778695 15.7061365383 0.0
-13.3142104722 -11.4312024312 1.0
-31.9620378626 24.0801204977 2.0
-24.9211640088 27.4264504747 2.0
-11.3821599829 -9.64506806295 1.0
-8.99027581176 -13.2969972186 1.0
-15.6057935554 -9.6683728006 1.0
-18.4007567695 18.6777904951 0.0
-24.7896118027 24.6271388375 2.0
-9.19758638305 -13.3259168026 1.0
-24.2929550209 27.7464522337 2.0
-14.4218529913 10.5263286017 0.0
-29.6169665044 23.7588659843 2.0
-28.6645070117 27.2806403608 2.0
-7.59719406666 16.4358081622 0.0
-12.1252014426 13.1467902624 0.0
-11.7793762537 -11.8579783961 1.0
-15.006620669 15.2306286187 0.0
-7.61524366152 -12.1802276526 1.0
-10.5066404237 -12.4979050302 1.0
-13.560634491 -9.07558152285 1.0
-9.75832149769 9.58778817665 0.0
-10.7611701882 15.1757170275 0.0
-8.92976751785 -15.2411054607 1.0
-9.61310747786 17.4211734356 0.0
-14.1331397446 17.1039445276 0.0
-16.522709481 15.7088372173 0.0
-12.0985501636 19.6060813731 0.0
-26.523270547 28.6405469982 2.0
-14.112996903 -9.37327247509 1.0
-27.3789072462 29.736686342 2.0
-11.3224818211 -11.0927340425 1.0
-11.7417759619 -9.33681288053 1.0
-13.1939841305 23.5570046605 0.0
-25.5640052703 25.4832593236 2.0
-15.7484246057 21.9129215958 0.0
-25.2731766123 27.5084663509 2.0
-28.6883699445 26.2555974455 2.0
-16.7860213755 17.3913719493 0.0
-9.03019751641 -9.06481315877 1.0
-8.72563855101 -10.5707074543 1.0
-20.6160569659 16.8681328642 0.0
-12.25586223 12.6566202603 0.0
-10.6433366398 -11.8784008837 1.0
-27.1034585543 27.2641970147 2.0
-11.7288185896 -9.85040126094 1.0
-13.8590434981 18.1531844408 0.0
-9.17714348416 17.891411711 0.0
-10.4788930759 -11.96605445 1.0
-32.0323400284 26.3260951437 2.0
-23.6067497104 27.0225300446 2.0
-13.0992007841 23.1298465941 0.0
-15.4175593416 15.9662403115 0.0
-9.84252363221 -9.83452932398 1.0
-27.4007053382 25.1229400898 2.0
-13.906861928 12.7121028853 0.0
-30.2499848066 24.5352977016 2.0
-24.8007233787 27.8178645645 2.0
-14.3014510905 18.1621131555 0.0
-27.2158595833 24.0029257761 2.0
-27.1480646451 26.6840410398 2.0
-15.9309076007 -11.4877383543 1.0
-24.8313998232 31.9812659386 2.0
-11.3568649226 12.215309587 0.0
-8.54358907332 -11.0943304354 1.0
-27.9552638757 25.0233767195 2.0
-26.5259514458 25.8621376797 2.0
-15.7843674819 19.7217243532 0.0
-9.59993216275 13.3653046587 0.0
-27.9639025847 24.5135625644 2.0
-29.0808450359 31.5114026806 2.0
-9.287924925 -12.7333834865 1.0
-28.7191194281 28.3169000488 2.0
-12.8396618603 -13.3454410823 1.0
-8.38846588216 -10.5662534002 1.0
-11.7826188522 -11.1772436962 1.0
-30.7607824545 25.4216854781 2.0
-11.3065552933 -6.07559701575 1.0
-24.0644227584 24.9209203886 2.0
-12.7963445889 -8.94876696216 1.0
-11.2225257822 13.5558084631 0.0
-8.80262517254 -7.798240916 1.0
-12.0583346663 -11.5452219473 1.0
-30.8429452033 26.2283013944 2.0
-25.9158110158 27.6883141192 2.0
-13.3187098284 -12.6148570109 1.0
-11.8170879528 20.3270206818 0.0
-7.06689507776 -12.9993544687 1.0
-28.0614106767 26.9239085776 2.0
-13.2515072916 -9.8634939264 1.0
-15.7426292694 14.9205773846 0.0
-28.0746155607 22.3958815583 2.0
-10.8774923748 -11.7407928623 1.0
-12.5302151397 16.0223994184 0.0
-16.3344400573 -7.82474973378 1.0
-13.0555271505 20.5217867606 0.0
-9.16602243965 16.980812012 0.0
-11.7880596339 -10.4103693443 1.0
-16.2246158555 -10.6030211903 1.0
-11.9058340686 -9.12881595475 1.0
-35.085242026 24.8524300273 2.0
-23.788442476 28.1920543044 2.0
-14.1645713788 -9.6062044311 1.0
-7.41518161789 -13.2373049139 1.0
-11.9443571071 15.2703070939 0.0
-15.1735504797 17.365219738 0.0
-30.438968518 25.8490959719 2.0
-26.8366564595 25.3735943006 2.0
-27.2027818048 23.1478476952 2.0
-26.262466657 25.7647326294 2.0
-11.4855061861 -11.1831685539 1.0
-24.5289741197 26.3180461676 2.0
-9.68913003298 -9.83755144909 1.0
-29.9324882917 22.7288875391 2.0
-27.913687956 25.8241651314 2.0
-27.8928925229 24.7427883537 2.0
-13.4205756942 15.7878193773 0.0
-9.2611600833 -10.8509179205 1.0
-28.2901825016 27.1608837252 2.0
-11.8428522726 -11.8171715166 1.0
-12.3685019519 -11.6908792268 1.0
-28.2459159629 26.0756954149 2.0
-31.8300031847 24.1063560894 2.0
-14.9792919152 -11.496744855 1.0
-12.0488421626 -10.44207145 1.0
-11.3667013738 -8.7235750259 1.0
-11.093235353 -9.66170217284 1.0
-14.0846943426 -7.85780611417 1.0
-28.4837322507 24.1547350403 2.0
-12.2878589183 -8.41384897996 1.0
-15.6141990073 16.8557426605 0.0
-11.491717519 19.5161974364 0.0
-24.9602047357 27.219091603 2.0
-9.13850938847 -10.5667594976 1.0
-13.2300431953 19.0062815697 0.0
-29.59206459 26.0594190126 2.0
-15.118726983 -7.19726879004 1.0
-31.4526410393 28.8137117966 2.0
-10.5790532767 15.3824057705 0.0
-10.7328340921 19.1909150247 0.0
-28.8773856107 24.9442239041 2.0
-23.8964505256 26.3949361658 2.0
-12.9326056684 -13.7524822827 1.0
-13.9161263775 -12.9086970503 1.0
-11.6461140251 -15.5129949324 1.0
-27.8658415581 24.948696603 2.0
-11.8918697198 -12.4656576498 1.0
-12.7984238439 -9.62003796333 1.0
-29.1384399983 25.9306497198 2.0
-28.9425865728 26.3854245882 2.0
-10.6556493778 21.1470855823 0.0
-11.0571469878 14.2301947161 0.0
-10.4890879823 -13.6740503708 1.0
-13.223637471 14.7952902342 0.0
-10.55884328 17.9230765467 0.0
-13.9029932846 15.9633344165 0.0
-11.8152302056 -12.0126652514 1.0
-8.30367248131 19.3119518469 0.0
-29.6300170962 23.4290578242 2.0
-11.5311302367 17.0609672154 0.0
-30.4791512577 26.2946415931 2.0
-12.8242767847 22.5174065006 0.0
-28.2322476606 28.7200276345 2.0
-26.7203498687 24.6301724345 2.0
-32.6598131025 25.1419912204 2.0
-12.6557756861 -9.63697774279 1.0
-9.20985526114 15.9511762252 0.0
-26.9588018595 22.6968198158 2.0
-29.3155854085 26.550367848 2.0
-14.6148881829 15.5749476951 0.0
-28.0660623476 25.9501975445 2.0
-5.68344587681 -14.3429293581 1.0
-12.8551899809 -7.60742404697 1.0
-27.9623102473 26.160694429 2.0
-9.06078018046 -9.7554168869 1.0
-22.5250017662 26.8632002716 2.0
-13.587134614 12.8384433686 0.0
-8.19955066305 18.0005984612 0.0
-10.9202506082 -9.21475595621 1.0
-25.7837128082 25.8367845407 2.0
-13.8918610242 -11.9254102224 1.0
-10.3719059815 -9.29746060504 1.0
-14.817924763 -8.10096083955 1.0
-13.9055011459 -6.98338924567 1.0
-15.7842108111 13.1996187611 0.0
-27.5891481236 24.4361597397 2.0
-9.99465355171 -13.8145776067 1.0
-13.301308807 -11.4709657975 1.0
-28.9142505647 29.9761182896 2.0
-23.5676254948 20.9862618259 2.0
-15.3333487178 -14.892823048 1.0
-15.0128991902 15.2439166977 0.0
-10.1307212281 15.2965198152 0.0
-27.3380775535 25.2109258429 2.0
-10.9581952002 18.9824306317 0.0
-29.443976832 23.978256146 2.0
-9.28017267202 -10.3427751963 1.0
-30.7369771637 27.9227291667 2.0
-11.0987206267 -9.44366010219 1.0
-30.2665699986 30.4557258166 2.0
-29.4478802597 28.8025352962 2.0
-27.6558169272 21.1592531059 2.0
-7.5302179661 -10.3678262737 1.0
-15.0364153015 17.7110146426 0.0
-12.3672271222 -12.4466839021 1.0
-9.97736944569 18.8057375511 0.0
-13.2756121035 -12.8472913585 1.0
-11.3848442372 18.764501453 0.0
-13.8125500871 18.8885608565 0.0
-13.0675011943 19.500649584 0.0
-12.7246193947 18.8245333441 0.0
-14.6143122563 13.6827571743 0.0
-11.618811838 16.9779311614 0.0
-13.0924739733 16.9801011179 0.0
-30.858174863 29.1799210456 2.0
-11.6976770411 -10.8069126018 1.0
-26.27346561 24.96914457 2.0
-31.109489703 26.9114631172 2.0
-8.53215583841 -10.493149102 1.0
-13.6406303667 14.0454281927 0.0
-11.4708052735 -11.0395712695 1.0
-10.3622996263 -12.4601814281 1.0
-26.1213544549 28.2779307868 2.0
-13.9919939722 17.3697952905 0.0
-13.4273095213 16.3914984029 0.0
-28.428741374 25.109871059 2.0
-27.8180244696 29.7679838337 2.0
-29.9788589882 26.8980588376 2.0
-12.0418367988 19.457644278 0.0
-28.0396751004 28.3733706237 2.0
-12.9939540761 16.3266092551 0.0
-10.6587979685 -13.8844525641 1.0
-11.8190778079 13.7804812958 0.0
-13.9614155801 12.65592721 0.0
-28.3975862946 25.2970702119 2.0
-9.55791425085 16.583523649 0.0
-24.2765016362 27.1083876304 2.0
-13.9745516522 12.1284545821 0.0
-14.4422138955 -10.7255309156 1.0
-10.7071652564 -9.32871084743 1.0
-12.7544660992 -13.0613036497 1.0
-10.0509558295 -7.84686392464 1.0
-16.8522578476 19.5670053688 0.0
-29.0827611457 27.465494841 2.0
-30.149406051 20.9586532698 2.0
-15.5971443838 15.9435834705 0.0
-29.0459312651 29.9227325403 2.0
-13.5139363831 -11.2406543834 1.0
-10.1141191053 19.0679761492 0.0
-26.4916970205 24.0294697492 2.0
-14.8727245233 18.3913600442 0.0
-24.8053600113 23.251686311 2.0
-27.2243862564 25.5387412071 2.0
-15.0881535631 17.0088581116 0.0
-13.0130920375 -12.7484612934 1.0
-11.032440611 19.574329958 0.0
-10.7460476366 -12.6706024325 1.0
-14.2753400476 -11.7541164143 1.0
-24.913790582 26.8097183391 2.0
-11.8793840762 -10.4208087558 1.0
-27.7837071786 27.2301606969 2.0
-16.6853482215 -8.10257662724 1.0
-8.57399781359 -13.8575503959 1.0
-12.8918469813 -11.0922304251 1.0
-11.6755936695 -10.6221932479 1.0
-28.4240049664 27.8372021529 2.0
-10.4860594542 14.0161524138 0.0
-13.4276825192 -10.8746131394 1.0
-10.0457245386 16.7937575223 0.0
-10.9762643848 19.4448393012 0.0
-14.1879187541 16.4669143161 0.0
-11.3834590791 -9.55278370616 1.0
-10.8419739981 16.625474344 0.0
-9.60212034954 15.0999256489 0.0
-13.8505444256 9.83058959709 0.0
-28.4469996423 25.5571655838 2.0
-25.9361455088 25.7954296927 2.0
-12.670077947 15.08858503 0.0
-23.978162833 26.4726573131 2.0
-28.1708953308 28.1371237825 2.0
-5.4024908445 13.3763039049 0.0
-13.9641198188 -16.1391884871 1.0
-10.2406704947 -8.09527912405 1.0
-12.380358883 15.7842288951 0.0
-11.5431648807 -6.86751771738 1.0
-23.4070362083 23.1145899149 2.0
-11.1072667186 17.8513590824 0.0
-12.9464640614 19.1463974554 0.0
-12.9134375096 -10.1444945665 1.0
-29.4595691986 21.3240523196 2.0
-25.5652837927 29.7991891095 2.0
-31.5871181018 27.1193196996 2.0
-13.8214811358 -10.3964542088 1.0
-9.38116326401 -9.20376083703 1.0
-16.6973513821 -11.6723656989 1.0
-10.7107144173 16.747428491 0.0
-29.0201627689 23.6765754504 2.0
-11.4492158448 -8.69973211539 1.0
-12.9838928485 -10.4518700577 1.0
-26.7157611756 28.8429822424 2.0
-9.70615070972 12.2554226816 0.0
-11.826681983 22.3139306733 0.0
-28.3533600798 25.8244980533 2.0
-28.8032123717 28.932196185 2.0
-10.1871331455 17.703857228 0.0
-23.6553970725 26.8303708109 2.0
-11.1035511043 18.0908794218 0.0
-13.2786037335 -10.9492882043 1.0
-25.3513320561 25.5084658355 2.0
-11.4372057663 -12.9923895292 1.0
-29.2986944313 28.3420223984 2.0
-23.4167588358 28.6538818911 2.0
-12.7677038974 -18.7967890242 1.0
-30.6101134855 28.5574832504 2.0
-26.1097397928 25.9393209152 2.0
-29.1305682625 29.1554396517 2.0
-27.7830928198 24.0699536613 2.0
-14.532597193 -8.99793734335 1.0
-25.2960662692 25.9527647681 2.0
-11.2517469618 -16.0957921558 1.0
-24.6987694695 26.3481132063 2.0
-27.8076139063 26.4953035002 2.0
-14.5865300859 16.9819531084 0.0
-8.90147313531 14.2513923764 0.0
-5.97424577347 15.9776512943 0.0
-25.8186838551 25.9124969923 2.0
-12.7009260168 -10.8943039546 1.0
-11.3347993872 12.3892604626 0.0
-10.4732413642 -12.0239225502 1.0
-12.2473270677 -8.87111335185 1.0
-24.6098549202 20.663190113 2.0
-24.4707241929 24.2599918777 2.0
-27.9172673477 26.4273782965 2.0
-13.169387092 -11.7846664627 1.0
-25.5770578207 24.6193200447 2.0
-9.8233083619 -10.6162571162 1.0
-13.4630405527 19.9924813393 0.0
-9.06412769021 16.1276738195 0.0
-24.4116053666 24.4445682718 2.0
-12.2721687442 19.4035829925 0.0
-6.41287165612 -8.69584860364 1.0
-11.4945970191 -11.1171349648 1.0
-28.5159230654 29.3169011041 2.0
-29.3334486264 29.428361597 2.0
-22.3480159293 27.0697337923 2.0
-30.649315393 25.1954452426 2.0
-16.6972767018 14.2817283936 0.0
-9.09269119138 -9.42648257278 1.0
-12.6114471399 18.8136954794 0.0
-8.85616606494 -11.0251338984 1.0
-12.5296275174 -9.19918113542 1.0
-9.72478319943 -13.4321568854 1.0
-32.6732495825 26.4839761115 2.0
-12.414396886 21.8299449494 0.0
-27.7794282409 27.3702061722 2.0
-31.3946348487 27.4005880022 2.0
-10.9716273094 -9.32004593049 1.0
-29.3725766515 28.7525485475 2.0
-9.17719728158 -10.4392343047 1.0
-26.7976387474 26.1496259934 2.0
-18.0023848044 14.0032537358 0.0
-11.3393651465 8.99374135372 0.0
-26.0318960611 27.3574030969 2.0
-12.7582373325 -12.4928701163 1.0
-25.9501740987 23.5582036149 2.0
-15.7396227505 -11.0563352475 1.0
-11.7142161935 14.4282103677 0.0
-10.1448356475 18.8461104844 0.0
-32.9592514153 23.7392720012 2.0
-26.4135760623 26.2816225544 2.0
-13.1400709236 -14.5074867418 1.0
-11.3500686357 18.4325545772 0.0
-13.8304174079 13.8686462201 0.0
-12.6780436892 -7.93489539811 1.0
-16.3285048121 20.2061653689 0.0
-11.2618336012 17.195239864 0.0
-8.20356398531 -13.7046388106 1.0
-26.3420304291 26.9763344228 2.0
-30.2970944729 27.3921311021 2.0
-12.4681042494 15.3672940591 0.0
-16.1459196942 12.2124131142 0.0
-12.445828572 -6.62288427575 1.0
-11.899308516 16.9348343392 0.0
-27.8349787066 27.6755903404 2.0
-11.7905209724 16.1586231152 0.0
-13.1702855151 13.9290082142 0.0
-7.22760739691 -12.1218868008 1.0
-11.5547107701 15.9831131529 0.0
-10.0854405063 -10.0328131031 1.0
-32.4989955253 26.3012032383 2.0
-27.2414459867 26.5585070862 2.0
-9.37665665746 -10.1747317333 1.0
-27.7345569961 27.0289890852 2.0
-27.1772483861 27.7825843626 2.0
-28.0771008297 24.8359794654 2.0
-11.7182701003 18.4698716014 0.0
-28.2444194213 26.1645808012 2.0
-10.6946594388 15.5733855774 0.0
-18.3402770602 14.9245386101 0.0
-13.2898869664 16.482238096 0.0
-13.6018191293 18.013642657 0.0
-13.6395235215 -7.92699250592 1.0
-6.02128409783 -12.7589770842 1.0
-13.8071231621 17.2225952596 0.0
-12.9103883807 14.8434586685 0.0
-31.331767377 26.0769425829 2.0
-11.0246941711 15.623627507 0.0
-11.3201623766 -13.0713986724 1.0
-13.0119478037 -14.690438564 1.0
-28.0706566232 26.3988255836 2.0
-15.3205906797 18.6012176809 0.0
-11.2347631048 16.2841377213 0.0
-30.7992727805 29.0467287256 2.0
-11.935378195 -10.5757180688 1.0
-12.0683914434 -18.0425839694 1.0
-11.8034473109 17.3683182175 0.0
-24.2613617372 28.7658587466 2.0
-12.7521855798 -12.9719608842 1.0
-10.3871307624 12.6963459861 0.0
-16.5943985802 17.1956857517 0.0
-28.2542221729 30.0346378482 2.0
-29.8161739796 20.2690584318 2.0
-9.58529716561 -11.479613887 1.0
-12.3197614233 15.3663476351 0.0
-13.3816834732 -15.3331014889 1.0
-8.00076604249 -14.271647105 1.0
-15.4216051565 15.6663353142 0.0
-10.7087926787 21.0116301655 0.0
-15.0102986176 -16.1852944091 1.0
-13.3949162983 14.9546500683 0.0
-10.785922158 -12.2116768435 1.0
-10.220256978 -7.13591832906 1.0
-25.1148553294 24.7763366983 2.0
-16.5826386635 16.5407697755 0.0
-15.5735329254 -9.07144908474 1.0
-13.8584292056 12.2802994715 0.0
-13.8978475005 -12.7451027146 1.0
-8.66730795103 14.1339851807 0.0
-29.3701060374 27.9859692307 2.0
-33.1797552996 23.1388814171 2.0
-10.6712818322 -8.80169029075 1.0
-10.9876007949 -11.3363012673 1.0
-10.0544012752 17.4460648539 0.0
-8.19345915797 -10.0893289085 1.0
-31.2895990705 20.3111739992 2.0
-12.0897784184 18.2188416645 0.0
-9.54577027237 -14.0698046716 1.0
-27.9795607575 25.4957705023 2.0
-8.10885587282 16.2053678641 0.0
-14.9928423141 -10.9292883419 1.0
-27.4635825446 26.7805685482 2.0
-10.6987220458 -8.96648571742 1.0
-12.3136085772 -7.37084365331 1.0
-12.1955630348 -8.62866244194 1.0
-11.9446897284 -14.8543565076 1.0
-9.13894220926 15.7868232981 0.0
-14.3671271368 -12.2837407296 1.0
-10.7721743353 -12.4972262969 1.0
-14.2815723617 18.2112764383 0.0
-25.6280821396 26.1934098695 2.0
-27.6115776016 26.3607262283 2.0
-10.3359703659 -11.9727261935 1.0
-15.8630608345 17.3453891809 0.0
-10.1173137116 -12.1066449351 1.0
-11.1314850023 -13.2460805661 1.0
-28.8892666575 25.6577043637 2.0
-7.20155612038 15.081019491 0.0
-12.99153868 -12.8430375056 1.0
-11.2609883381 13.5394198073 0.0
-14.061616713 18.0132822446 0.0
-12.5853657701 -10.4281483609 1.0
-12.2277807755 -11.0901437185 1.0
-23.6885786307 22.9728309995 2.0
-12.321990412 18.5217857439 0.0
-22.9448649725 26.6559857772 2.0
-12.732429615 -9.63752338106 1.0
-10.3477059812 14.6575186356 0.0
-10.2884928844 -9.74243926117 1.0
-16.1134008874 -12.140065933 1.0
-32.0983130359 24.0271032097 2.0
-25.2303799256 24.1375928982 2.0
-13.5437028605 17.8736898414 0.0
-31.3420479342 29.3156030699 2.0
-29.0251269736 22.1942503264 2.0
-13.3117788477 -10.4946333389 1.0
-20.6041345149 17.4053536439 0.0
-27.8822913958 24.8498523721 2.0
-27.8393436048 28.2405761941 2.0
-13.8911106211 -15.9312480106 1.0
-9.19044802668 -9.80045666063 1.0
-25.5842081569 24.5206528724 2.0
-28.0495838243 27.0635250101 2.0
-10.895026766 16.8564317795 0.0
-12.4257588504 -12.6037880327 1.0
-30.3748853736 23.9399858543 2.0
-14.5048314268 -12.6549366778 1.0
-17.1269857397 13.9868853243 0.0
-32.4588782765 23.4266240781 2.0
-13.6258917858 -11.0944975997 1.0
-28.5268103991 25.2067483884 2.0
-12.1775831919 -10.4735384681 1.0
-30.3704886484 27.2231306476 2.0
-12.8449798132 16.6470343426 0.0
-12.4019499011 -13.4998262133 1.0
-8.03905196398 -11.6406244656 1.0
-10.6813410537 -12.2867159495 1.0
-25.2768266918 27.5555015484 2.0
-23.1027024909 28.8431712016 2.0
-24.1130910979 29.4676542377 2.0
-9.50007445557 17.6617097868 0.0
-27.5733401143 26.3350277065 2.0
-30.7355305199 24.8586972817 2.0
-28.3282039023 24.2230172408 2.0
-10.4662278882 20.6765261755 0.0
-12.277564737 14.4386202617 0.0
-26.4666909442 23.1015629718 2.0
-24.6492877421 26.2324130191 2.0
-24.8263321994 22.3166826263 2.0
-14.617689071 15.1695955218 0.0
-16.6024626337 15.7160465997 0.0
-15.2353334281 15.0858567127 0.0
-13.4279129327 -9.64561323553 1.0
-12.3519547788 13.339701136 0.0
-16.9737717651 14.0705393253 0.0
-14.5259753333 -11.7731893902 1.0
-17.1095006469 17.1412808887 0.0
-29.450797251 21.6387752307 2.0
-11.7795364332 19.8257507544 0.0
-24.2109751848 26.6897816385 2.0
-10.8242766446 12.2101715462 0.0
-27.4697189557 25.6791598449 2.0
-12.9883387349 -14.6384993977 1.0
-29.2975192895 26.944497807 2.0
-29.4276528613 27.1906995698 2.0
-11.9416859783 11.0190800141 0.0
-29.4753479044 26.9912049346 2.0
-34.2734760199 25.8912544326 2.0
-12.2744230098 -13.9060584534 1.0
-29.0362806511 25.9547258659 2.0
-15.0605730319 11.0206853067 0.0
-9.404057173 20.6201670104 0.0
-14.5911583243 -13.144815137 1.0
-12.0024742934 -13.4441708899 1.0
-26.5100278556 25.694817016 2.0
-28.7129654981 25.0943983782 2.0
-26.9509815062 27.267032938 2.0
-13.2580803759 -11.998612573 1.0
-13.1404218493 -11.8798303272 1.0
-11.0944893923 -11.4235021436 1.0
-27.7268850103 28.2301495123 2.0
-12.9493602698 -7.6960295646 1.0
-9.55356123776 14.3043424807 0.0
-9.82517807108 16.4962142121 0.0
-10.9604045508 -9.99457473439 1.0
-10.520879316 19.9595043422 0.0
-14.3885189883 -7.32102068446 1.0
-7.77765264106 -6.76261768912 1.0
-16.8501651177 14.9722690346 0.0
-13.3565173721 -11.6111100337 1.0
-17.4337340764 -10.4905551639 1.0
-13.0626212692 13.7718755412 0.0
-12.9115392163 -9.05494110849 1.0
-10.3639093219 12.9046459901 0.0
-10.8546200987 -12.9245587838 1.0
-14.0139948815 16.4371443002 0.0
-18.3283436446 16.9776566323 0.0
-9.56059289177 15.3349878587 0.0
-11.4849751326 15.0514180993 0.0
-26.2267965786 27.1615856475 2.0
-13.3677994844 15.0758590512 0.0
-13.2124923613 18.6081489202 0.0
-26.508133741 27.0675909016 2.0
-11.5098518492 -15.7447792186 1.0
-13.5814590144 17.6600790356 0.0
-27.4844993426 22.6563540577 2.0
-29.5671341686 26.8186346038 2.0
-12.8918178708 -11.7460566655 1.0
-8.07637369876 -16.136169294 1.0
-12.8358193421 19.6645668794 0.0
-15.3114677712 -11.2684915819 1.0
-11.995881429 -11.6318255771 1.0
-26.7942355483 26.5736263388 2.0
-16.3801858153 15.2231367538 0.0
-10.3489311167 20.3949239921 0.0
-26.6714541967 27.8783552364 2.0
-8.18701149311 -14.8103536484 1.0
-15.402935447 -6.79352548588 1.0
-10.8450400643 -9.91427097068 1.0
-13.6360402348 16.9527268154 0.0
-11.1003381519 21.2686315777 0.0
-27.24320251 27.1740035021 2.0
-9.77814816889 14.4436120886 0.0
-11.5488796142 -7.29319168441 1.0
-25.5873733564 27.7658532791 2.0
-10.6668183985 22.3828295489 0.0
-15.8509010098 -13.0113363129 1.0
-8.29302867867 16.7825026595 0.0
-26.9813048875 25.496185668 2.0
-12.1266533065 11.9691388292 0.0
-10.778631333 -9.84635198795 1.0
-8.40340615664 15.6841278169 0.0
-27.7043513512 28.8236536644 2.0
-11.861328056 15.0746021363 0.0
-28.8012469117 28.9286079514 2.0
-30.2667097741 27.1330463759 2.0
-9.06842743465 16.4090630428 0.0
-13.496070225 -8.38823709072 1.0
-30.3051740102 28.3178866547 2.0
-16.4748008558 -10.1512249163 1.0
-13.5937153759 -7.91335410097 1.0
-28.7887966406 30.1565809749 2.0
-10.4760935542 17.4102914407 0.0
-10.9556282545 13.5169636802 0.0
-25.9591135648 26.9453895776 2.0
-10.5647575058 16.5277288466 0.0
-12.6533835346 14.4855978859 0.0
-30.2032723527 24.8170297841 2.0
-11.8302773435 -10.2074795205 1.0
-13.3510198392 -9.13300964061 1.0
-30.2013922358 29.4445632222 2.0
-13.3747335504 -13.9265352031 1.0
-13.0483700113 18.3762579873 0.0
-32.7674237629 25.2682593722 2.0
-11.6222733688 14.5012234421 0.0
-13.4470412988 -11.3923198299 1.0
-7.5124209515 -13.8527816928 1.0
-26.4017751653 26.8413782716 2.0
-29.1618955442 25.8854238803 2.0
-10.2688778209 17.2730443948 0.0
-13.9746962126 15.8576345423 0.0
-27.8125986715 28.5767059708 2.0
-27.5649705163 23.7985214025 2.0
-11.1139634383 -8.45825980441 1.0
-5.58857658261 -11.9373597196 1.0
-24.1353895476 28.4547412075 2.0
-10.1780560359 14.4600185146 0.0
-12.9537950532 -15.7025850045 1.0
-17.7614993645 -7.6625546572 1.0
-12.4506635599 -15.4531360587 1.0
-10.6521491259 -10.6169262506 1.0
-26.1249032922 27.3335980592 2.0
-30.317661098 28.7662879095 2.0
-14.7305053097 15.3406782111 0.0
-16.3390102312 -6.92698601703 1.0
-34.0411205132 29.5382427802 2.0
-13.4833657275 -12.6615947595 1.0
-31.5361036696 25.5704415713 2.0
-12.6419231876 12.6459880649 0.0
-30.7439364799 25.5136910347 2.0
-13.2224327444 14.7744287751 0.0
-11.0542838109 -8.19625320784 1.0
-28.4434562085 25.3084108223 2.0
-10.228160271 13.9421985541 0.0
-31.7895657855 26.7048428544 2.0
-31.0336460857 25.9118161907 2.0
-10.4830946329 13.260265843 0.0
-8.69672823608 -12.8979573554 1.0
-8.42234235548 -9.99937041734 1.0
-27.8681271446 25.6514441074 2.0
-17.607491106 17.8794053073 0.0
-27.7173016987 27.6708344989 2.0
-26.0545584608 26.4175318485 2.0
-14.3619323524 18.7226723971 0.0
-10.5193376364 18.12009852 0.0
-11.9743224111 -12.5297182604 1.0
-31.5931337994 27.8487096547 2.0
-29.4234200129 22.0394106343 2.0
-17.8560415655 14.8612700213 0.0
-11.927806359 16.5247256653 0.0
-7.79254453946 -12.4049177416 1.0
-15.717156339 13.1832421301 0.0
-14.1827538828 13.3090554585 0.0
-29.3884569597 26.2421165421 2.0
-30.2816929716 23.4276313167 2.0
-14.2657897041 -8.82268638144 1.0
-10.2168845476 -11.4326759908 1.0
-19.1826711533 18.6580425976 0.0
-13.2102005151 14.2366744499 0.0
-15.8686783176 13.7653211646 0.0
-26.9793354952 22.9993056602 2.0
-12.9448370579 -13.5881698481 1.0
-25.9426341261 25.1709534186 2.0
-9.21948895692 13.035562588 0.0
-10.3916884636 -6.22736569329 1.0
-24.8410416144 27.495906177 2.0
-13.8357142597 -11.6671737008 1.0
-8.14447546704 -11.1109773571 1.0
-10.299773414 16.8523198556 0.0
-6.99498687742 -9.75298253477 1.0
-13.2828176054 -5.86348911195 1.0
-30.9309294556 31.8144990463 2.0
-15.5265088834 13.0567455394 0.0
-12.7600808832 18.7363070941 0.0
-15.3394086964 -11.1305056326 1.0
-12.0093763198 17.0637733064 0.0
-25.9240554601 27.8354260805 2.0
-11.5862095143 17.1573155586 0.0
-10.7128559319 -11.1657321237 1.0
-12.4500554134 -15.2858376224 1.0
-26.1807949165 25.2524362985 2.0
-31.0780722127 25.6268228878 2.0
-8.88571849716 -9.76277999487 1.0
-26.1439404944 23.414394827 2.0
-26.3323500238 28.6343873739 2.0
-10.3847120289 16.7995439936 0.0
-9.69608922966 -8.6908996775 1.0
-11.0217470629 -12.7546939911 1.0
-14.1065181656 17.5829443095 0.0
-28.4300776008 25.8212915412 2.0
-28.663787889 25.6619951971 2.0
-29.8618629189 27.3877431101 2.0
-12.1839629035 -13.2913949425 1.0
-11.7565571834 -7.60255315891 1.0
-13.1287723107 -9.98302802751 1.0
-15.74952275 16.4069526394 0.0
-9.54041065339 -13.2002841967 1.0
-30.2746734559 27.4567844243 2.0
-25.4502753014 26.5508189836 2.0
-25.2451019088 26.5559829606 2.0
-29.787784486 30.1667558156 2.0
-11.8977962584 -9.65568802793 1.0
-14.7435762918 -14.1222091968 1.0
-14.6272134494 16.2264264739 0.0
-12.6401923748 -7.63380038104 1.0
-28.500423408 29.594509835 2.0
-4.15472873507 15.3524519971 0.0
-11.3310755822 -10.0719732319 1.0
-27.1464539988 22.1783731169 2.0
-27.9537507874 25.7389129935 2.0
-8.50557674581 11.0520824372 0.0
-13.1111136117 19.8964689011 0.0
-10.5551162603 12.0396222926 0.0
-12.9262176135 -12.4885095095 1.0
-11.5360787867 -9.27175103423 1.0
-30.926785023 24.8914645116 2.0
-31.5478269507 26.1333680995 2.0
-10.885237404 -12.722812879 1.0
-10.4794820002 17.8041006583 0.0
-12.454136292 -12.0472503349 1.0
-11.694430833 -9.55466595418 1.0
-24.7707263954 25.8255277819 2.0
-12.4033876921 -12.6751536596 1.0
-26.821733276 30.4482870295 2.0
-12.9024109638 17.5427994459 0.0
-25.1102562615 27.460165408 2.0
-31.6838268908 22.2972946157 2.0
-26.4128573649 25.5551826487 2.0
-24.3073048226 26.7443466385 2.0
-30.2380024131 23.1616443955 2.0
-24.0412358402 28.9336813636 2.0
-15.6383009017 14.1229877203 0.0
-26.8499586621 29.6635005774 2.0
-11.0768026181 16.4008962637 0.0
-9.30494598329 17.4755706893 0.0
-13.463966641 15.4803269155 0.0
-30.0181037879 24.5284337363 2.0
-27.2600140266 23.3761066482 2.0
-27.0927983575 25.4625372528 2.0
-28.1276170174 30.5883444141 2.0
-31.3922198602 23.4405278702 2.0
-9.30048212191 -14.0331955683 1.0
-33.7671522028 24.0326039194 2.0
-8.24640945701 15.4201860542 0.0
-26.794432218 26.7387403976 2.0
-16.98470035 17.9594819905 0.0
-14.9451146844 -8.75840441179 1.0
-14.3970835424 -11.277852654 1.0
-27.3714638252 28.1833311347 2.0
-15.1613987003 16.7232531565 0.0
-10.12100914 14.6002371794 0.0
-25.3857457117 29.0264003459 2.0
-10.8976627828 19.3598951103 0.0
-12.2292156098 19.6699125802 0.0
-9.04624034337 -11.7554217676 1.0
-8.54910990463 -10.7435580074 1.0
-20.4577703174 25.5117883903 2.0
-23.518106632 25.8855854083 2.0
-16.3357927897 16.1512238444 0.0
-33.3692507128 21.5232347279 2.0
-13.31376293 17.7507179201 0.0
-27.3706201563 21.8975466772 2.0
-16.6470902876 16.5985474788 0.0
-26.4106164745 20.1338099976 2.0
-31.134706513 24.4434077559 2.0
-18.9951149169 14.7960778258 0.0
-26.1930197455 26.8726851224 2.0
-8.42918816865 -8.71809170571 1.0
-14.2262450367 -12.322712147 1.0
-30.7225104483 27.1633049196 2.0
-14.0258660581 14.864419752 0.0
-29.3181883453 28.1605754082 2.0
-9.56705319492 -11.3718232223 1.0
-16.6385418345 17.4161195823 0.0
-11.028767666 14.0311377194 0.0
-31.7381749664 24.7438448746 2.0
-14.7463848725 -10.7412089244 1.0
-28.7761398616 27.2463366501 2.0
-12.8529440253 17.2542255051 0.0
-11.77504235 16.911225318 0.0
-24.5372502436 25.0065827574 2.0
-11.4350721971 -7.07173298109 1.0
-9.22269908642 -12.3202337152 1.0
-27.4727042027 29.73940514 2.0
-10.9324158394 -12.6351113289 1.0
-10.463857189 16.1786897733 0.0
-8.9389096625 16.8479928049 0.0
-11.8593137795 -11.9868882421 1.0
-9.15783009874 -13.2696994883 1.0
-14.6619882411 12.960169163 0.0
-27.0772311553 23.7188114701 2.0
-23.028089368 22.7560260653 2.0
-9.80709434866 -10.6241302187 1.0
-23.3477735826 27.9303077206 2.0
-8.73727831191 -9.2252872238 1.0
-26.4848982492 27.9385130466 2.0
-14.3938043635 17.6585906497 0.0
-11.0052023592 18.2354902521 0.0
-16.0379295076 -9.87378668364 1.0
-11.6615196776 16.2008117189 0.0
-10.4758800462 -9.85317003454 1.0
-10.7807821798 11.4346019776 0.0
-26.6227721806 23.5581184918 2.0
-14.7057434932 17.4464269544 0.0
-26.748749864 27.8272052034 2.0
-10.3743334709 -15.4101518422 1.0
-10.442151691 -8.28232296052 1.0
-28.0144497696 25.1726712309 2.0
-10.1505503267 11.7629429941 0.0
-8.37080667676 15.0302450012 0.0
-10.4315301323 17.7350272678 0.0
-26.9264425451 25.8422129671 2.0
-13.4829864497 -13.5259676434 1.0
-13.3720536466 -13.6126607537 1.0
-30.7587497893 24.9303106031 2.0
-25.2974200526 29.6822803462 2.0
-10.3098543727 16.0871840129 0.0
-11.922908304 -5.79876217096 1.0
-9.7411775591 -10.8594554028 1.0
-8.21007978624 19.3361134853 0.0
-12.293764738 -14.6042653436 1.0
-11.9624720608 -11.2802817026 1.0
-27.7731226945 20.2590136693 2.0
-28.9350653239 23.6734309338 2.0
-25.724577408 25.9937469921 2.0
-9.096333946 -11.7114435798 1.0
-24.3345677257 28.3918653671 2.0
-31.1974025658 22.8581579085 2.0
-13.4722790104 16.2131154115 0.0
-12.5882779876 -11.6807910251 1.0
-27.7516047799 27.4214166539 2.0
-14.9919251223 15.6484199344 0.0
-10.4173236452 -12.2330963462 1.0
-24.1836598151 26.0873296194 2.0
-11.9973571134 -14.3977641598 1.0
-9.23497222732 -7.51209779674 1.0
-7.54381824878 12.79389588 0.0
-11.2022751973 17.9460938537 0.0
-12.0027388407 -8.65644533158 1.0
-31.3768997345 24.5908930225 2.0
-27.008971393 25.338493648 2.0
-27.6366973167 24.5768392844 2.0
-29.8498498225 24.5075569684 2.0
-14.7230169907 18.8765148586 0.0
-15.7534297732 22.4535130146 0.0
-18.4737962378 15.0855873741 0.0
-29.3740737614 23.2723463646 2.0
-17.2832229649 -8.91158348197 1.0
-11.582494084 -12.2146723081 1.0
-15.4383994806 17.3454446812 0.0
-11.7796216688 16.6027713205 0.0
-11.4690981894 -11.8546055096 1.0
-12.8494194781 -9.57611099904 1.0
-12.3850506109 11.7299860641 0.0
-16.9854945772 17.9571242411 0.0
-30.8124093896 24.8505319486 2.0
-12.9140196791 -14.1265939395 1.0
-13.8493063264 17.7450804288 0.0
-11.1601411183 -9.45399460207 1.0
-19.9399978174 14.6033635646 0.0
-15.2240858958 19.479724359 0.0
-9.97676189736 -12.2983246771 1.0
-32.0509796174 25.8827237608 2.0
-11.8723138588 -10.9914812035 1.0
-23.80126791 25.5304558802 2.0
-10.8658571984 17.9412730701 0.0
-9.87452120996 14.2773890913 0.0
-13.6597940532 20.5040094376 0.0
-9.58045785273 -10.7220342462 1.0
-12.4779453441 -11.3423880154 1.0
-27.913851935 26.8991117099 2.0
-27.028698837 24.3550982277 2.0
-26.9890088788 22.6263890374 2.0
-27.7761573271 25.4132573881 2.0
-28.5414938512 29.1142285328 2.0
-13.2155828971 -11.3403692574 1.0
-13.7172072195 -8.547107331 1.0
-18.1163349958 11.3468271203 0.0
-29.0950824618 26.7970771894 2.0
-21.7031523324 29.2118983389 2.0
-31.2232394917 27.6911919914 2.0
-10.1077579544 16.7446782905 0.0
-13.17832045 -6.71184581402 1.0
-11.474413931 17.8278575482 0.0
-7.86308053035 19.8572712045 0.0
-23.82991079 23.0551224655 2.0
-16.8222160718 13.228735545 0.0
-29.2067328214 27.383998249 2.0
-12.4465569733 19.5785873993 0.0
-16.3559096408 14.371540348 0.0
-26.4710015924 23.8854161693 2.0
-10.2107405679 -13.1898685105 1.0
-12.3940050665 -12.6796517271 1.0
-29.0098126051 27.1798727899 2.0
-28.7614507382 26.0501067482 2.0
-10.6473870077 11.9648368903 0.0
-32.5362579962 25.7099554453 2.0
-24.1542839478 25.6762081795 2.0
-28.8423773948 21.8005196851 2.0
-28.0265721517 24.9105527215 2.0
-8.30680955369 18.1732526734 0.0
-13.3391768109 -12.0201494454 1.0
-12.9802424965 -11.8823358916 1.0
-30.4958839432 25.416088439 2.0
-9.95452942646 14.3266423053 0.0
-11.2300101735 19.1245855718 0.0
-28.985835714 29.3389396557 2.0
-26.8705684346 22.9827416442 2.0
-9.2998991109 15.6520977642 0.0
-28.8739796019 27.1168806308 2.0
-24.5270842269 26.271913608 2.0
-28.5164122782 25.9415468859 2.0
-11.2350232348 13.118462405 0.0
-26.3331868422 25.9479455164 2.0
-30.6633012765 21.4298017287 2.0
-10.8387774981 -10.7619468851 1.0
-13.0366776619 -7.64082822716 1.0
-14.7869316934 15.4533964706 0.0
-10.0997778781 16.3644167702 0.0
-26.7528279606 22.9091326598 2.0
-14.6954516519 20.6226456158 0.0
-18.9505807514 12.1103881969 0.0
-29.6961526917 28.688998941 2.0
-11.2189872998 -12.3840446423 1.0
-28.5365317858 23.5458730318 2.0
-11.5171588006 -11.0898588463 1.0
-28.7172139721 28.2132703097 2.0
-11.4395958002 -8.24473714916 1.0
-14.0718550546 -6.35857168356 1.0
-13.161401292 -11.2629377565 1.0
-14.5608164957 -8.7998731567 1.0
-28.1557242286 22.9044249827 2.0
-31.0958458096 26.9642653974 2.0
-30.0134107987 26.976279572 2.0
-13.2241194204 15.3173508209 0.0
-14.8082812963 -10.7818858805 1.0
-11.1970086791 -10.9582568093 1.0
-13.8273372325 14.074654598 0.0
-27.2916987003 25.4428187461 2.0
-12.4079486542 -9.37638945533 1.0
-31.6607223264 28.0896027546 2.0
-11.3368422782 -5.76850115449 1.0
-14.7471833623 -9.59547394264 1.0
-24.4657972081 23.1986402382 2.0
-11.2896857008 -10.1316465284 1.0
-12.2577288679 15.8768308731 0.0
-12.6502228291 13.0963639569 0.0
-18.668845327 13.2261650523 0.0
-6.93514249404 -12.8247766562 1.0
-13.3105081184 -13.2945882449 1.0
-10.9023957 17.2932208908 0.0
-10.663197233 -11.7826333035 1.0
-15.0897516499 -11.3627715748 1.0
-13.1188216173 -10.303503172 1.0
-30.1332974716 26.0324376128 2.0
-14.2723084561 -15.2966141633 1.0
-13.0174139985 14.0982252659 0.0
-11.358691849 -11.7768583765 1.0
-31.4722889237 28.7802728737 2.0
-30.7142160425 29.0724411579 2.0
-27.2445500889 23.5810367632 2.0
-6.80184565214 19.713287213 0.0
-14.4188104959 17.1859160079 0.0
-12.8222677902 -12.0304184672 1.0
-30.0540354921 29.1023747573 2.0
-14.9274354331 20.472501578 0.0
-8.6267849584 -9.24464744338 1.0
-13.8052210376 -12.6527207038 1.0
-18.72339402 16.9217997608 0.0
-10.5436740052 16.5768910397 0.0
-35.1609959099 30.6314824113 2.0
-13.0874016582 -12.975195884 1.0
-13.9323311004 -12.8431125884 1.0
-33.7399401428 23.2644070813 2.0
-11.2688311414 -14.065114547 1.0
-28.5827280918 26.226791539 2.0
-9.68129244788 -11.8524206001 1.0
-10.7981303443 -11.5178297169 1.0
-11.0447447905 -12.9961131607 1.0
-13.818559608 -13.9065333358 1.0
-13.6658771017 -10.5083629602 1.0
-26.1571570616 28.9511842728 2.0
-17.172745523 15.0392790641 0.0
-12.4088213783 15.2681145486 0.0
-28.932070926 26.3484549105 2.0
-15.5880102906 -9.68143091163 1.0
-11.9787687483 -14.6251122399 1.0
-12.0110327122 -11.9364334479 1.0
-14.786930247 15.4949627586 0.0
-11.0710110778 -10.7209478242 1.0
-10.2027973826 20.752389037 0.0
-27.6225111226 26.8286257457 2.0
-7.44881342583 17.0917523252 0.0
-10.9531557056 16.0495714075 0.0
-25.5135395328 29.1933257728 2.0
-13.0482627425 13.2072427516 0.0
-14.9322932412 13.9705354431 0.0
-12.7814794072 14.9266911876 0.0
-28.1476761438 24.5663410326 2.0
-4.02261153026 -11.0625111464 1.0
-27.2757208033 28.7192657053 2.0
-16.7040296372 -14.7750403575 1.0
-27.7377206022 21.1939919525 2.0
-28.3133510204 25.8293907467 2.0
-5.98087553049 16.6582015049 0.0
-25.5988210295 26.1070548075 2.0
-25.0563574575 22.6672929753 2.0
-11.1045678822 -12.1037272389 1.0
-28.2470207944 26.7120136776 2.0
-14.2001955692 -8.84226534524 1.0
-11.2221542526 -13.6078901921 1.0
-15.6103755479 -10.4004523689 1.0
-25.9847026672 28.541584693 2.0
-11.4377248989 -13.2080387877 1.0
-25.8161154774 24.1557947351 2.0
-13.4882889589 16.0185623544 0.0
-33.6656633042 28.696676201 2.0
-13.4099874658 17.3768323931 0.0
-32.7019466774 25.9007134352 2.0
-8.178376688 -12.1826429275 1.0
-29.7853310828 29.175236357 2.0
-18.5238596378 21.8033011098 0.0
-15.4074809434 -15.3924586267 1.0
-13.6663336266 -8.22429828913 1.0
-15.757668586 19.9236572877 0.0
-30.6234712126 22.0014145932 2.0
-11.8858232897 7.68520615039 0.0
-15.705218042 15.6728886256 0.0
-27.1153505979 27.0326914799 2.0
-10.0220390638 -7.62911757086 1.0
-14.2639639824 -6.48114557649 1.0
-27.4623349298 25.6345176598 2.0
-16.071510138 16.9466930803 0.0
-12.6543090484 16.6740317158 0.0
-14.8773894888 14.6818465613 0.0
-9.1731678875 -10.7144323633 1.0
-12.2437701526 21.7752482114 0.0
-12.1133971262 14.5013449275 0.0
-31.8515429215 26.3543048839 2.0
-10.7323550404 -11.7599680628 1.0
-11.5379990831 -8.81173511723 1.0
-29.4887878783 24.0566539925 2.0
-11.6016441812 -7.29987359273 1.0
-6.52615013289 15.7373544228 0.0
-26.3653017253 28.4265883033 2.0
-17.592625987 19.1044842328 0.0
-12.117061368 -9.59728741735 1.0
-32.5418581701 25.0092344759 2.0
-15.4023313407 22.1552708416 0.0
-12.5992548624 11.1175872985 0.0
-7.95783781706 -15.5274739976 1.0
-26.4818758928 24.1780860837 2.0
-15.1999438508 -8.85675983002 1.0
-25.2181137992 26.963289826 2.0
-12.8793171348 -12.9217775872 1.0
-12.2671203729 -11.9202336283 1.0
-24.9155983302 21.6544907717 2.0
-12.2679799347 -13.6341802004 1.0
-11.1042628378 14.6759796853 0.0
-22.3891038625 26.0893652004 2.0
-13.2560903773 18.8694445794 0.0
-11.5900771819 19.6534995205 0.0
-8.13206483004 15.6759197114 0.0
-12.3730677328 -10.2953408601 1.0
-25.8605841776 25.6232793822 2.0
-25.8847874697 27.7528148384 2.0
-15.1133480419 -10.1064842681 1.0
-12.3302216452 -9.51866352272 1.0
-26.6807642726 25.5162658819 2.0
-26.2905038942 26.8089963197 2.0
-14.1266816798 17.0963997849 0.0
-29.2795773915 25.8017003221 2.0
-27.8888140876 23.4923611206 2.0
-9.93858704543 13.6487652298 0.0
-10.4836385728 -9.71736801037 1.0
-30.264836988 24.2646016531 2.0
-25.4016042303 28.5440415937 2.0
-24.7337215979 34.9750781055 2.0
-13.1899512209 19.0467118775 0.0
-12.3181952733 -7.08865661057 1.0
-25.3873822026 26.9155338079 2.0
-30.4775412616 25.1437108707 2.0
-14.1728864437 21.3334672614 0.0
-12.3762228099 -13.5587182998 1.0
-14.0322800966 10.5507338636 0.0
-16.5740909662 13.0822992337 0.0
-9.11745577673 -10.702162904 1.0
-10.1135491796 -11.5237062945 1.0
-29.3973900145 23.513027126 2.0
-16.0394168691 -11.6153825103 1.0
-10.9777696229 -11.0012415601 1.0
-11.9435608076 -11.854653383 1.0
-12.9433399549 -10.3052082546 1.0
-10.6192040416 -10.7293641057 1.0
-15.6347926971 -10.2596456501 1.0
-28.028131814 24.7974370449 2.0
-10.9657602793 -10.7605548238 1.0
-15.8714275059 -11.5640399887 1.0
-15.7403186599 -10.8427926999 1.0
-28.675246611 25.081078715 2.0
-14.3241253629 16.551875798 0.0
-30.3953293416 22.1189437603 2.0
-10.9854751817 17.4743171406 0.0
-9.54612315147 17.0970983985 0.0
-10.9868204836 16.5061491671 0.0
-17.7653068435 -10.6448666511 1.0
-10.2017180149 -10.3426858576 1.0
-8.21163363355 21.1525360308 0.0
-29.6097576429 24.2432528073 2.0
-29.6632149979 27.729134925 2.0
-13.5668400732 -11.5533750725 1.0
-13.01351942 15.1061992083 0.0
-11.6161117757 13.7666130986 0.0
-9.3807661383 -10.3955282444 1.0
-10.1960666647 14.495297248 0.0
-27.1221623276 28.2948865832 2.0
-12.3054946223 16.9406363531 0.0
-10.7273851996 16.8313936568 0.0
-13.2376433621 17.1086112442 0.0
-8.52457582099 14.9666634202 0.0
-26.8581577406 25.2164347989 2.0
-11.4928675069 13.5796653339 0.0
-26.482191591 26.6693147884 2.0
-30.9338348541 21.8003472396 2.0
-12.0786519317 13.1241595971 0.0
-14.6302534667 18.5294537192 0.0
-7.52227345541 19.1048452548 0.0
-12.2084307128 -14.5626445153 1.0
-27.1244233689 31.2973675938 2.0
-9.06824898298 17.9919515467 0.0
-29.7823813794 24.5472360896 2.0
-10.5041919092 -10.2154642584 1.0
-9.69706085242 -11.3789183978 1.0
-10.3816219776 -11.8721752265 1.0
-10.9118016914 18.4657909021 0.0
-28.6494562106 28.2091784691 2.0
-12.3013107753 -11.0872236852 1.0
-10.6134493538 -10.4787019322 1.0
-28.4952152938 25.3765658669 2.0
-27.3121197543 25.4076366855 2.0
-13.4396362866 -12.1474281635 1.0
-11.0518568312 16.0676834982 0.0
-14.725865994 16.0489681885 0.0
-6.51265601956 13.8091583549 0.0
-10.201488666 -10.8395102795 1.0
-15.4148498249 12.2583915212 0.0
-13.544512586 -9.99431184729 1.0
-28.1140230944 24.7822460998 2.0
-27.6693644823 28.4822660952 2.0
-26.4302333936 29.4721232053 2.0
-17.362148627 20.579362715 0.0
-25.8172027136 26.6635712111 2.0
-11.8575327406 24.3669677555 0.0
-27.017138084 24.9758787301 2.0
-25.2248975175 23.9384210384 2.0
-32.8388065879 25.7441806288 2.0
-13.5290957717 10.4568706745 0.0
-13.3432076512 -6.50841953795 1.0
-14.9881932138 -14.7447874168 1.0
-13.1718252695 -13.4920779791 1.0
-10.5308090333 13.21287701 0.0
-9.73092917524 -12.9402432029 1.0
-24.1262168767 29.7399678993 2.0
-11.0835630652 -10.9136495108 1.0
-31.553639303 24.8737696775 2.0
-12.72432935 12.705038707 0.0
-8.96249679118 15.5608568547 0.0
-32.3004037143 25.3464791425 2.0
-10.3482672862 17.9066917651 0.0
-12.3508802684 -13.4608122462 1.0
-24.8714837327 29.1518593382 2.0
-13.2437100742 -17.935601729 1.0
-6.97057473658 12.4905691277 0.0
-12.1402754629 18.6133699217 0.0
-11.4631811251 -15.4540426461 1.0
-29.8720096396 25.5756424749 2.0
-29.1681253917 23.9069314428 2.0
-31.1849938364 27.0685539015 2.0
-12.058332592 -9.4053255345 1.0
-13.7169241709 -12.0194557635 1.0
-8.76396559818 -9.23629755351 1.0
-27.0715212264 25.4016667793 2.0
-10.5847520388 -10.3250240866 1.0
-11.770675793 -11.7551502922 1.0
-10.8746619614 -8.82004379885 1.0
-12.7289823922 -8.49536699718 1.0
-13.670741228 15.1513228343 0.0
-10.6780576128 -8.36742202836 1.0
-29.7149699899 27.2832782147 2.0
-14.8592320382 -10.2792363586 1.0
-9.89540462416 17.8330702696 0.0
-6.71514269631 14.3923740074 0.0
-30.0776634976 27.1704594233 2.0
-12.1308576881 17.3220026561 0.0
-31.4427640954 26.3582799929 2.0
-12.906976451 20.9848020307 0.0
-13.9974425731 -12.9508913233 1.0
-30.1584337494 26.9418117219 2.0
-11.1296249768 -12.5222504595 1.0
-28.4617236274 29.7390693544 2.0
-11.8737827286 -7.60686355436 1.0
-13.7941389998 20.3549517698 0.0
-10.9387333952 15.7006609854 0.0
-27.2962334577 22.4618172979 2.0
-14.0334946686 -13.4616905854 1.0
-29.0600597966 26.6244827543 2.0
-13.1813288843 -9.27356033383 1.0
-16.6821024611 -7.57932308192 1.0
-8.72858547813 -9.96766545371 1.0
-12.5706455059 13.4917825746 0.0
-15.9648480605 15.9629128395 0.0
-11.6097231864 20.7085422561 0.0
-10.8326832796 -12.4466862516 1.0
-15.0472175926 -9.60267951387 1.0
-9.22027040599 15.0591039099 0.0
-31.530525782 28.8079887285 2.0
-13.8701763548 13.0855748211 0.0
-28.4005907278 29.7986368845 2.0
-13.4837803264 15.8986547301 0.0
-10.6477470205 14.6924302778 0.0
-25.0908331253 25.9729654999 2.0
-13.6741336121 -10.9684451093 1.0
-30.200031736 26.4064977689 2.0
-29.0583011511 29.1615374919 2.0
-16.2846563971 -9.43732276043 1.0
-12.5832349809 15.114656738 0.0
-30.5734018116 24.708582073 2.0
-26.1316802405 25.7846607836 2.0
-25.4079691917 26.9188722492 2.0
-14.0129697258 13.1435780708 0.0
-13.7796170763 15.938826933 0.0
-12.9742894357 13.6098307053 0.0
-5.82850556894 18.8811273261 0.0
-11.0122120125 15.1505594837 0.0
-10.7563532711 -8.78595633009 1.0
-10.2328115863 17.1945234268 0.0
-13.6300137591 -12.357095008 1.0
-13.5070399282 -10.4981173095 1.0
-31.85820171 26.6893510813 2.0
-26.8021589304 25.2131093705 2.0
-13.8631976023 17.5770519684 0.0
-12.6599274945 9.37465254157 0.0
-14.8194761991 -14.4974586076 1.0
-18.9862633589 17.9630994311 0.0
-27.4234673564 24.1694238599 2.0
-10.8918121316 -11.7559043537 1.0
-11.9905217819 19.6440827834 0.0
-28.3479111226 24.113040957 2.0
-15.297756811 15.9863672382 0.0
-31.0143100399 20.3545292958 2.0
-11.7051330045 -6.43070903805 1.0
-14.9974551358 -11.5639123049 1.0
-15.2415545381 18.1447716091 0.0
-10.118364538 -10.2492818319 1.0
-12.8371754348 -8.62072749216 1.0
-13.3188910711 -12.0058271988 1.0
-11.6371166995 -10.3985264642 1.0
-16.650629669 -10.6808033876 1.0
-11.7614580677 -9.43286040688 1.0
-11.8992921547 13.1659518422 0.0
-15.1366182466 -8.30411793862 1.0
-14.7897113235 13.4740548246 0.0
-12.5407755494 -9.93035984573 1.0
-11.4277948369 12.3790300708 0.0
-16.0725884388 -8.33846831365 1.0
-14.9479546262 -9.13870764398 1.0
-27.1590227106 22.2728406174 2.0
-32.2542471236 27.9609749896 2.0
-15.1577265873 -11.7874861741 1.0
-25.0953932807 29.0119120824 2.0
-26.4835504415 25.5169685594 2.0
-27.7870204373 23.8406093558 2.0
-14.2013398947 14.4799641559 0.0
-10.9643302916 16.4413905031 0.0
-28.8444178988 20.8184003309 2.0
-6.5871025834 -13.6107121213 1.0
-12.0284398101 -11.4241354461 1.0
-14.4833991415 19.8155707176 0.0
-29.6085992568 21.539088207 2.0
-17.5412786591 16.5046925416 0.0
-25.9447366992 26.4917366471 2.0
-13.5763412983 10.5570465336 0.0
-11.0016017558 -11.6623119374 1.0
-11.516563585 -11.1745065228 1.0
-12.8512871065 19.5533471241 0.0
-8.39061254019 13.7630260055 0.0
-28.0793101729 30.1065984584 2.0
-9.16056698009 14.8897312351 0.0
-31.4196248162 26.5274152684 2.0
-26.8804567972 23.6436206784 2.0
-11.2868317797 -10.3527507648 1.0
-14.0402473477 -12.1077607871 1.0
-29.6537832856 29.371416221 2.0
-7.67939875519 -8.9534642948 1.0
-12.8027387475 -6.60181722532 1.0
-27.5743399595 27.1984428032 2.0
-29.6890960645 27.9215998209 2.0
-23.41615086 27.9213580255 2.0
-11.773822692 19.1486574082 0.0
-14.3481660782 -8.95932364759 1.0
-15.3911459503 10.4021897443 0.0
-28.4158619435 27.7776490934 2.0
-9.45609136474 -12.676827814 1.0
-28.9380888 28.4545942228 2.0
-12.9624010493 18.0996252474 0.0
-12.5683135909 -8.73588847961 1.0
-11.2294353157 -15.4194847623 1.0
-30.0319908618 27.6374306569 2.0
-8.84519251029 15.2744821494 0.0
-28.2189783923 26.543262154 2.0
-22.1730992767 26.3227103714 2.0
-9.5167047297 18.1418650663 0.0
-22.3746244853 23.6757559678 2.0
-31.6614899876 23.6927742446 2.0
-13.5754260745 19.0053882326 0.0
-9.22094158344 -13.2265033013 1.0
-26.2162683024 28.2920760059 2.0
-28.6621463019 25.8782686083 2.0
-30.9752048744 24.6739938698 2.0
-6.2776234846 14.2416162443 0.0
-10.3343439864 19.4753739556 0.0
-25.5692014859 21.1718570281 2.0
-15.3077737408 -18.0638993621 1.0
-11.131408427 -13.8449904131 1.0
-29.8291832796 26.1165509798 2.0
-12.9060556985 -10.1857785925 1.0
-11.9172014256 -6.53722007617 1.0
-13.5248990404 14.2384105477 0.0
-27.7243282349 29.0750969198 2.0
-18.5107902779 23.600118674 0.0
-11.8949884208 -13.2667180875 1.0
-13.7410854554 -10.7895093547 1.0
-14.4589073988 15.6094180299 0.0
-15.1232548128 15.8081595318 0.0
-15.8630035084 16.726087474 0.0
-16.170532133 14.9804427483 0.0
-13.6678192151 15.7989719616 0.0
-10.0164604951 11.510480581 0.0
-12.4827293085 -10.9108199346 1.0
-27.3545764318 25.6734975609 2.0
-27.6182839827 22.4103761978 2.0
-11.18606355 17.3071165164 0.0
-25.3461868834 25.866180498 2.0
-13.8587915574 16.2642944834 0.0
-9.90059292446 17.2365995776 0.0
-28.8850108765 24.8356429805 2.0
-27.3165127936 22.6689370422 2.0
-28.0712353814 22.0888281396 2.0
-7.7412178737 -15.1073019879 1.0
-27.1530027996 31.6665455572 2.0
-15.0011596458 20.147901738 0.0
-7.78459822884 -9.93626546376 1.0
-12.6159704034 -12.1212883883 1.0
-11.3766246495 -12.2666022342 1.0
-9.07318688586 -11.9625898756 1.0
-13.4608525426 14.9023310645 0.0
-12.007940077 17.7840348355 0.0
-11.3561918102 13.795881434 0.0
-29.1329730327 24.1245094893 2.0
-28.4518794028 26.0129567877 2.0
-5.23283409863 -10.8921686578 1.0
-8.97671669607 13.1131729011 0.0
-27.6378052184 27.1003173382 2.0
-13.0783383092 9.11958396187 0.0
-8.5403153525 -11.8713613944 1.0
-28.3679838515 25.0510496261 2.0
-27.1568785301 21.5198516419 2.0
-13.9328730314 -8.82801210435 1.0
-31.360528933 26.2872163459 2.0
-15.4294050878 13.0298224447 0.0
-25.9301780396 27.5456768785 2.0
-27.4635731312 27.3140164095 2.0
-11.964634322 -11.1225622203 1.0
-12.1854385329 -12.7820678129 1.0
-30.413112914 23.801314894 2.0
-11.9632267762 -10.4628163494 1.0
-12.2052355427 11.7908832863 0.0
-14.2592186975 18.1866343042 0.0
-18.0508241355 -14.4516426073 1.0
-7.91200564888 -11.0703259575 1.0
-29.2738915006 28.9045918337 2.0
-14.0426092566 -13.0064589976 1.0
-10.6684350916 12.4527606592 0.0
-10.9791475123 -12.1864254364 1.0
-14.0846913732 14.5459030286 0.0
-10.8705942129 -14.827166481 1.0
-15.6868620003 -7.97768611944 1.0
-11.5914789708 14.355029426 0.0
-13.5059223271 14.5096135501 0.0
-17.0859555496 18.0904394991 0.0
-15.6199094823 10.9286425062 0.0
-17.8210807525 18.0449424912 0.0
-9.0466427117 21.8840148968 0.0
-15.009043544 -16.2268582549 1.0
-13.5023810843 15.3924317171 0.0
-25.8412109309 28.8932627494 2.0
-10.4752715036 13.1190310357 0.0
-12.730483612 -8.92665910031 1.0
-16.8296577359 16.8779987219 0.0
-14.2631709345 16.3431343652 0.0
-28.5170621699 26.1184896427 2.0
-14.329115094 -13.3762192939 1.0
-9.37907834725 17.8284625241 0.0
-30.6563015049 22.1384446925 2.0
-10.6784594923 -8.66200098503 1.0
-14.0225909896 12.7580364972 0.0
-12.0130006755 16.4181316538 0.0
-12.8853162078 -16.1412456228 1.0
-14.659917251 16.1028222807 0.0
-12.8108666733 12.821494943 0.0
-8.40689483215 15.4785997989 0.0
-14.5534771061 18.8207729091 0.0
-5.9908542721 -11.3591418878 1.0
-26.67580524 25.3779015015 2.0
-29.1809942172 23.6126947146 2.0
-29.0701056557 25.6838906857 2.0
-25.0181374411 27.4866103868 2.0
-10.0301954125 9.15605767964 0.0
-30.3923285483 26.1119289109 2.0
-15.2956476199 -8.34311958109 1.0
-27.3364708084 28.0758421717 2.0
-30.1866773905 25.87788183 2.0
-9.83761364684 -12.2897813305 1.0
-30.5444736586 26.0461119651 2.0
-7.67071615458 -11.179506925 1.0
-28.5150693869 28.6499470584 2.0
-12.4218379656 15.7681194709 0.0
-15.3094537811 13.1483694267 0.0
-17.5242050032 -9.98597559719 1.0
-14.2586754172 -11.8728549836 1.0
-9.65699666199 16.0556637261 0.0
-21.8361641233 26.7010778326 2.0
-9.46076677853 16.6047612482 0.0
-12.1247993129 -12.7258487232 1.0
-15.1924449551 16.8543278095 0.0
-13.747727896 -9.5587422445 1.0
-10.4690582986 12.9199020035 0.0
-30.4079063258 27.2027923305 2.0
-29.2209317777 28.2626437557 2.0
-11.3696543294 15.9807895512 0.0
-15.3067032667 16.1782001131 0.0
-25.9144556884 22.6596305927 2.0
-26.1577578215 25.6115451484 2.0
-15.8488539935 13.9911153555 0.0
-28.1602414806 26.6429839901 2.0
-4.41747763643 17.0481939075 0.0
-12.0592039715 19.8608604384 0.0
-30.8202405968 27.0697728859 2.0
-12.4177986008 19.9154301796 0.0
-16.1884743515 14.3262091504 0.0
-14.2328639618 -11.064831302 1.0
-13.1300702055 24.734325065 0.0
-10.903227546 14.3471528466 0.0
-13.9585332321 17.7495325321 0.0
-28.8050581264 26.541908164 2.0
-12.1412982249 -12.0965044845 1.0
-9.09602158722 16.3434081125 0.0
-9.34552732309 -8.31287374097 1.0
-14.075409106 -12.4442976427 1.0
-13.225492995 15.8233984402 0.0
-26.1858983497 27.3808809587 2.0
-28.768637005 24.1996803349 2.0
-11.5610255302 15.4115359534 0.0
-13.7557176189 15.9497883763 0.0
-25.9406213347 24.5903944343 2.0
-10.9844058326 20.9897823961 0.0
-22.6711125606 27.0163324286 2.0
-7.56811472367 -12.378487019 1.0
-12.8287198102 -15.7936543842 1.0
-24.8936626212 22.0691561486 2.0
-16.7768816962 -10.4654798967 1.0
-15.3685241669 16.5791295938 0.0
-9.41193248685 14.5805733026 0.0
-11.2760540504 17.7431995825 0.0
-26.4535929071 27.2218209736 2.0
-9.89910565102 21.1708771856 0.0
-12.266157562 -10.0032837392 1.0
-12.4627592898 -11.3774652714 1.0
-10.3293836286 16.4523832628 0.0
-13.5702363747 -13.2044645071 1.0
-17.4011855848 -9.89620916694 1.0
-27.3319991142 29.8067470283 2.0
-14.8443135789 14.3954298953 0.0
-24.5599680149 28.0460271159 2.0
-12.3039976054 16.3493367276 0.0
-13.1848937833 -13.1952522166 1.0
-12.6549693779 -11.7531440762 1.0
-29.3372836717 28.0065701146 2.0
-15.4772634237 20.5882144501 0.0
-12.6730274549 19.2809591764 0.0
-11.5895382601 -10.7175495042 1.0
-13.2014389605 10.9022362074 0.0
-14.6664247159 -11.2551424517 1.0
-15.4316210519 -7.36179318296 1.0
-12.4801241162 14.8883187869 0.0
-13.9406604749 15.8323672065 0.0
-26.2374428289 23.0603205508 2.0
-10.5775024402 15.6368943887 0.0
-12.2448244464 -17.0121032875 1.0
-30.441988552 24.8111997339 2.0
-17.8404993597 -11.8973098104 1.0
-14.3879233617 17.4837290975 0.0
-29.806387039 21.5783185517 2.0
-14.9595559878 14.6801754546 0.0
-10.6606185366 -9.64979092226 1.0
-6.95080008647 15.3277297319 0.0
-27.1558061095 25.7871783751 2.0
-10.9345657943 12.742183723 0.0
-13.7297523164 13.1393663451 0.0
-29.6625825961 28.5898536115 2.0
-8.09084520395 17.9269742351 0.0
-25.9450230618 24.8806039244 2.0
-15.5897384907 15.6801021755 0.0
-12.6053820348 19.3485993067 0.0
-13.1378143005 -9.14563643453 1.0
-12.0470513648 -5.85048720689 1.0
-8.90211899664 -17.2494926783 1.0
-12.0356574287 15.579872488 0.0
-10.9648049992 -12.9768334944 1.0
-30.464544247 29.2950057461 2.0
-12.9110323032 -9.73852417108 1.0
-25.2772409551 25.2878543769 2.0
-13.675481529 18.3529929597 0.0
-14.3411120285 14.3906287061 0.0
-14.9400490993 -14.9529465928 1.0
-14.0898841956 -9.53135844154 1.0
-12.0361197114 16.6842736973 0.0
-10.410776033 -5.6073312647 1.0
-10.0696815685 16.5825660897 0.0
-9.11156543743 16.7253044465 0.0
-15.6846294888 17.8507026002 0.0
-11.932973887 16.503898804 0.0
-30.3335650392 25.4209717017 2.0
-12.3367049103 -11.089889361 1.0
-9.93810248752 18.7282092102 0.0
-25.3335101287 29.3859770065 2.0
-11.3404417064 -11.270978392 1.0
-13.0443850269 -8.05732923873 1.0
-31.4735048571 26.1832508916 2.0
-8.42531478005 18.731502032 0.0
-12.3167338415 19.3872333892 0.0
-30.6005972294 25.8008932185 2.0
-18.7348251251 -12.2578055922 1.0
-13.9028323212 -8.57945691272 1.0
-28.8351313229 28.0251489365 2.0
-20.0027175352 24.2407701049 2.0
-13.3578674658 -8.96996084439 1.0
-12.3184222271 -11.7260105714 1.0
-15.125384568 19.7252753831 0.0
-9.54522715369 16.385887136 0.0
-10.9930473866 17.9852999005 0.0
-10.8157696521 15.5030225718 0.0
-12.6472646279 -12.9150352922 1.0
-7.09385043259 -13.8299345768 1.0
-27.9405641097 24.095411362 2.0
-13.2123598525 -15.876995465 1.0
-14.5998635183 -12.9670000807 1.0
-26.8701758387 25.8521690135 2.0
-14.387056344 -11.7990920585 1.0
-8.06204800008 13.5849167017 0.0
-27.9718378132 21.6304835649 2.0
-30.1728838957 25.3168623633 2.0
-28.9512631449 26.3098980942 2.0
-29.4257129225 26.3829365658 2.0
-11.6819205284 -9.07905856638 1.0
-26.5572632229 28.3225059899 2.0
-28.368304287 25.5956204369 2.0
-28.3708279824 27.7561006975 2.0
-13.3947418997 21.0302703402 0.0
-28.7635985785 26.4175368608 2.0
-10.496409446 18.184361479 0.0
-12.711056398 16.4561767432 0.0
-27.4312611992 27.0144917327 2.0
-13.6879806421 -12.0797374252 1.0
-7.37347874897 -11.2141236437 1.0
-24.5756859652 22.6433931935 2.0
-26.8627665637 27.1798911901 2.0
-17.4601030923 16.3133232747 0.0
-24.9117687336 25.1025752041 2.0
-11.4257005999 -10.4128996634 1.0
-14.0868068269 16.7664870605 0.0
-11.2305118268 13.996289876 0.0
-15.0196638608 12.391580887 0.0
-13.2683208153 -9.61381947503 1.0
-30.6065746506 23.8617505035 2.0
-12.5338445893 16.9703019742 0.0
-11.1882565273 -7.64671377632 1.0
-12.7845798355 15.8796251987 0.0
-17.0514758888 -11.4582244008 1.0
-27.1650049642 26.5342591947 2.0
-10.7353791204 -14.0867929339 1.0
-12.8631388631 14.1556800753 0.0
-12.3484171837 -13.5677940569 1.0
-29.991992804 27.7775303265 2.0
-11.6814946581 13.875067391 0.0
-14.676675551 -8.94727496637 1.0
-17.6500452129 17.0084685189 0.0
-12.3332452398 -9.88341669018 1.0
-15.0284919971 18.5355756324 0.0
-22.8128220219 19.1236205283 2.0
-13.5731746309 20.813505865 0.0
-9.09686128547 -10.4016717999 1.0
-30.6312235231 28.1683200828 2.0
-8.79953123492 -11.4557876562 1.0
-25.4491597319 28.050430507 2.0
-11.48358104 12.9576516057 0.0
-8.3692875442 16.7503343109 0.0
-9.99464228047 17.2855603453 0.0
-9.31816281517 -8.43365327665 1.0
-11.6349727936 17.4728006538 0.0
-29.255306926 24.1288167027 2.0
-11.4683395552 -10.7205767186 1.0
-11.1672454803 -12.7797321037 1.0
-30.5602805983 26.0597861308 2.0
-11.2371039636 15.3692472494 0.0
-15.9413773134 17.8076147338 0.0
-29.3564624456 25.6275465426 2.0
-28.6640747314 28.7370294007 2.0
-13.1395587223 -15.2307301948 1.0
-9.28177166571 -13.8822603001 1.0
-12.2565960197 -10.7871588149 1.0
-10.7396899592 -4.15345787804 1.0
-28.1068647599 29.1896645765 2.0
-8.95641698141 -12.9615117215 1.0
-11.6556042369 15.5154146683 0.0
-14.029072103 17.9311567722 0.0
-10.7900938601 -11.7144662761 1.0
-14.1664883719 -15.7866370501 1.0
-8.3395120904 -11.9226448295 1.0
-16.6342299588 13.4428209233 0.0
-9.84717519739 -10.683602987 1.0
-15.2819554571 -7.99528717818 1.0
-28.1747015102 27.1193462589 2.0
-26.1023299698 24.8301867166 2.0
-12.3152283247 16.9857857429 0.0
-27.771015518 27.994013364 2.0
-28.9702674693 22.3113634199 2.0
-14.8467634501 23.6535882205 0.0
-12.7474099028 16.0089304575 0.0
-12.1372009252 16.1423758388 0.0
-12.344648766 16.7955534673 0.0
-25.7041325635 25.3419263184 2.0
-29.71653599 26.1433377359 2.0
-10.7395161961 -11.952342183 1.0
-10.0662688582 -9.1761185186 1.0
-11.0184944969 17.9989365868 0.0
-28.9480729048 24.2202466213 2.0
-24.7113629382 25.848246494 2.0
-9.80926295924 14.8638786237 0.0
-27.3961035307 28.600259389 2.0
-10.3777138973 -15.5531265559 1.0
-33.3918489529 31.2052825603 2.0
-11.652044611 18.7927023106 0.0
-15.8185415991 -12.1178201174 1.0
-28.6955020718 26.7085329189 2.0
-11.6791084518 14.338273965 0.0
-8.20055175132 19.7910328727 0.0
-14.5748141789 14.879496166 0.0
-30.3860521744 26.2273538677 2.0
-10.7038226165 16.3854263761 0.0
-12.7758369998 21.9026020356 0.0
-15.7804221146 -12.265486109 1.0
-16.9841133243 15.6507866083 0.0
-15.3663136423 16.3611622174 0.0
-14.6847508928 -12.3074015112 1.0
-14.4038508902 16.6430096246 0.0
-10.8900178593 16.5460511685 0.0
-17.2607457708 23.6036695056 0.0
-8.83978821384 -13.8673022657 1.0
-6.11486743649 -11.195313518 1.0
-15.9448110117 17.3918329006 0.0
-8.42507462874 15.2721032416 0.0
-29.7849808202 26.7823117411 2.0
-10.6790715486 -7.86320382056 1.0
-13.4371808447 -12.7788810301 1.0
-10.2542366062 -12.565501246 1.0
-11.092704011 18.1084590406 0.0
-10.2236504377 -7.63303385816 1.0
-15.0735769171 15.3164057178 0.0
-16.4067966563 13.0564010579 0.0
-17.126406629 18.295582132 0.0
-10.4858264463 -12.7760410703 1.0
-11.1306546292 -8.50579880956 1.0
-29.3716786579 28.6663601386 2.0
-16.1869282717 14.0579900096 0.0
-9.22958532501 13.5357218662 0.0
-12.1864253428 -10.9238168763 1.0
-12.3201689325 17.3087340302 0.0
-13.1745655135 -8.16280582011 1.0
-13.023265449 19.3578810831 0.0
-27.622338374 29.0792582982 2.0
-13.5327075749 21.5669831123 0.0
-9.63891113203 -4.6020467447 1.0
-11.8968802982 14.2358709076 0.0
-30.4514448 26.4965745641 2.0
-17.9407135203 19.9594337572 0.0
-26.9317147165 22.9265067537 2.0
-13.6513696969 14.0778217481 0.0
-4.04682219284 16.0772488838 0.0
-14.9517612022 15.0564550818 0.0
-29.9839960998 27.6120926216 2.0
-30.7422043171 24.1350760344 2.0
-30.9997347539 29.7120876779 2.0
-13.1919683083 15.7461516015 0.0
-28.4567258257 22.2886362791 2.0
-11.1447562757 -10.1799168055 1.0
-9.77626294474 -9.92297351391 1.0
-10.2461703287 -8.35033727758 1.0
-27.2579712318 26.6853162312 2.0
-9.684898443 -11.1702611713 1.0
-11.9064071894 16.3435493947 0.0
-9.19956105913 14.6662491174 0.0
-25.1035270064 27.362084897 2.0
-15.7542643081 -9.18056626067 1.0
-24.2021209886 28.338913965 2.0
-11.0863580736 -10.7711357151 1.0
-15.460237664 -10.9282134 1.0
-12.2405846631 -12.4586182743 1.0
-23.697574518 26.998058787 2.0
-12.4864573052 -13.167662151 1.0
-29.5064607625 23.8148187437 2.0
-30.2772644489 24.2599529298 2.0
-29.8677467647 27.7278614781 2.0
-28.7133286509 25.3090313541 2.0
-25.6036254807 27.6074334742 2.0
-10.7761842147 -8.28845440311 1.0
-10.7199897124 15.832534486 0.0
-26.6232386854 31.0503635371 2.0
-13.2147349138 19.2723695717 0.0
-31.2903397178 25.3357415587 2.0
-24.2549490633 26.7359065957 2.0
-26.8732004995 24.3648116939 2.0
-11.2447755519 -8.61848708449 1.0
-12.144100202 16.9211882846 0.0
-11.2342578572 17.1270517638 0.0
-11.8560437221 19.4023370466 0.0
-25.5507107027 22.8261487266 2.0
-27.2507726339 23.1808454923 2.0
-15.6087658857 20.3412026645 0.0
-13.9330726837 16.6968586681 0.0
-13.9940395823 -14.6909771335 1.0
-13.0834902125 15.7503693727 0.0
-28.6494981668 26.8583215023 2.0
-13.1997877846 -9.83021655543 1.0
-27.9482172111 29.5944219421 2.0
-28.5415220073 26.7411567874 2.0
-13.9347510036 15.6056203237 0.0
-22.8814675318 26.079176349 2.0
-14.7722018339 16.4457229554 0.0
-14.9664380374 12.99206811 0.0
-13.5033966431 15.262322738 0.0
-30.25403176 26.5828437626 2.0
-9.00134197692 -13.680574985 1.0
-27.8243455343 21.8542776763 2.0
-11.3145961673 12.1925147838 0.0
-13.3020954601 -11.7582314378 1.0
-14.1165082849 10.6489201957 0.0
-11.025604826 12.3736503971 0.0
-18.9382973426 17.5710133646 0.0
-10.6878888366 17.2216296627 0.0
-14.1737136179 12.2321092151 0.0
-11.6066109305 -9.95271604352 1.0
-11.5785260937 15.384460249 0.0
-13.6078911946 13.9027308297 0.0
-14.385843291 -11.8820285383 1.0
-9.79442957625 13.2668757337 0.0
-11.8471762036 -9.65619257334 1.0
-15.5081186159 17.0105554456 0.0
-13.8372497913 13.8764309359 0.0
-10.385514886 -3.63027870758 1.0
-26.8522559561 26.4160639361 2.0
-10.383904536 -12.5752117496 1.0
-29.0303029368 25.3838420603 2.0
-14.5691583379 -10.2611179497 1.0
-25.2197296293 19.8224195321 2.0
-26.7155083557 25.2017385898 2.0
-28.8881432194 23.9182728841 2.0
-10.6989388943 -12.9515911229 1.0
-12.8801275966 -12.0008488158 1.0
-27.6649754593 23.9608956698 2.0
-11.6181038217 13.9999278517 0.0
-25.6601840617 27.5020277172 2.0
-11.7610570073 -15.6645835341 1.0
-16.9237635531 -7.75871577045 1.0
-30.5295307181 25.8513713756 2.0
-9.16085816045 17.0090105653 0.0
-9.9217680661 -11.9241075359 1.0
-23.8235428699 22.2023759945 2.0
-10.1339951017 15.8770074084 0.0
-7.73535212097 17.6396392768 0.0
-13.4481982299 24.6448167466 0.0
-13.1884084129 17.8933632224 0.0
-32.7804416547 26.7915287489 2.0
-8.29735897414 -9.81981518195 1.0
-16.8824228934 13.9165276566 0.0
-13.2643666375 -11.0462862659 1.0
-29.150976691 23.5530230486 2.0
-12.791403614 19.0478047417 0.0
-11.8093350297 10.1361804974 0.0
-30.9468341539 25.4840696622 2.0
-30.1618373195 27.4714065214 2.0
-25.5660206782 23.4786146738 2.0
-29.4765797587 24.2395418302 2.0
-10.1495864764 -9.61024243649 1.0
-11.141820139 -12.1004407564 1.0
-9.97254726514 -12.2087651679 1.0
-18.541917792 -11.6338740367 1.0
-10.9479056064 -12.7488800884 1.0
-13.3964682786 16.1615164949 0.0
-13.9899944203 15.7794971725 0.0
-18.9104164113 -8.30888257019 1.0
-25.2694031269 24.7571419748 2.0
-13.8460149805 -13.6815502163 1.0
-13.5257030802 -13.3313583606 1.0
-10.8317385091 -11.3810210014 1.0
-11.8410552173 -11.0630137938 1.0
-9.70102297503 -10.0078950384 1.0
-12.1338742018 -13.2767647063 1.0
-12.8498588464 16.9087016247 0.0
-15.7048562205 14.5965217393 0.0
-10.7674591817 -13.1328091805 1.0
-4.12265612938 16.7919899802 0.0
-10.1034779823 14.0795899578 0.0
-29.7226479197 23.4781414172 2.0
-12.1401325272 -13.0282969317 1.0
-14.3339030831 17.7366016067 0.0
-15.5929715396 8.7831209573 0.0
-6.99226788786 -10.1442131919 1.0
-13.2230209216 14.7202900868 0.0
-25.6883027229 28.7516027727 2.0
-11.6497435819 19.8916139614 0.0
-15.8348130556 14.4404520674 0.0
-13.3835163996 18.7561606074 0.0
-30.5703858777 26.7136468187 2.0
-9.63211035873 -8.53656616098 1.0
-12.6334993196 15.2330749295 0.0
-14.8897627378 18.5198806653 0.0
-11.6558489766 12.0285121628 0.0
-14.5347588467 11.0821540495 0.0
-15.364580532 -13.4270413267 1.0
-12.8076758553 -9.54854598072 1.0
-10.8245354218 12.1213812878 0.0
-28.5232733337 26.3851881519 2.0
-13.1041412973 -17.1477671819 1.0
-28.4937180096 30.2618744791 2.0
-28.4576239024 25.57125052 2.0
-10.3986938146 -11.8713536834 1.0
-13.4740472695 -10.2056371539 1.0
-12.7920637007 -6.05083307389 1.0
-28.102907005 27.8638647888 2.0
-7.38368453968 -7.95608740736 1.0
-13.3069687523 -10.9545460668 1.0
-10.4180256749 -13.5516819362 1.0
-10.9792494211 14.5963209716 0.0
-14.8615803278 11.9208793795 0.0
-23.6598610786 25.9766402916 2.0
-26.2459183952 27.599791869 2.0
-11.771950711 -8.42166108749 1.0
-12.6556825434 -14.3980984316 1.0
-12.5127588735 17.0050049879 0.0
-26.9025680535 25.1893079484 2.0
-12.8817201397 20.5072235855 0.0
-11.7767181441 -8.92617414019 1.0
-14.1729567801 14.0093414937 0.0
-30.5869056314 25.3977459061 2.0
-14.4412148246 20.4078425598 0.0
-10.7890733365 -17.3337829726 1.0
-27.3067271597 30.5359518539 2.0
-11.9218062257 19.0141291451 0.0
-35.0392310761 25.5662771096 2.0
-11.1862454485 15.399373935 0.0
-27.8001332859 24.724976294 2.0
-29.3181388273 27.7019178975 2.0
-24.4229176097 28.1252268524 2.0
-14.1879565494 14.1398919766 0.0
-11.3940516805 17.8635838191 0.0
-13.1823443968 -10.9913275163 1.0
-27.5430714305 24.8428943191 2.0
-31.7390118122 25.6739062766 2.0
-27.7498011067 22.8480795739 2.0
-32.3098422134 24.5929568532 2.0
-12.5726027455 12.283900027 0.0
-11.5666451053 19.3295097924 0.0
-14.0830224615 18.5815047542 0.0
-23.5713646514 27.1492357038 2.0
-28.3109007335 28.8732982397 2.0
-30.5985597044 28.2951371781 2.0
-12.4138900382 15.7062118719 0.0
-16.8666476166 17.2453267449 0.0
-7.86094105975 14.5246560331 0.0
-25.7686171713 24.7864251264 2.0
-12.1684996176 14.4055382706 0.0
-16.5571168994 16.0575694286 0.0
-13.336825727 -12.7993653253 1.0
-13.6928685861 -14.3055905154 1.0
-28.9362171718 19.8568709524 2.0
-10.2807468342 18.8286486379 0.0
-14.5986041734 14.9138042197 0.0
-12.405487452 11.721450698 0.0
-15.7322711681 -10.7694499019 1.0
-11.2250977295 -9.96723282728 1.0
-14.4450937277 -11.5715718071 1.0
-14.8195775722 16.7533822644 0.0
-12.8126493986 17.7929151108 0.0
-11.9648618638 19.3318710104 0.0
-28.138560001 25.5122549721 2.0
-28.3376691355 28.8844919901 2.0
-31.418789121 26.4037013625 2.0
-13.5980242535 17.2284307691 0.0
-10.0622884514 18.1342097765 0.0
-25.776911793 19.4505702475 2.0
-12.2171190229 16.4228328271 0.0
-10.1334544279 -12.8510084523 1.0
-9.57106000719 -13.4524642629 1.0
-10.0237112823 16.2719426654 0.0
-8.01634389747 -12.6395252466 1.0
-17.5194813611 16.0533627218 0.0
-6.47615786243 18.5391785448 0.0
-14.0594729606 16.0985048136 0.0
-11.2338958737 17.2809882371 0.0
-30.8344140912 24.5003978383 2.0
-28.813672271 26.9135174672 2.0
-31.150526968 25.8391478828 2.0
-29.3394312699 29.6123931571 2.0
-12.7300176217 16.1386739958 0.0
-10.0888010929 12.656267012 0.0
-10.8404144302 -11.0032189801 1.0
-9.98554031163 -8.39313776807 1.0
-22.4106214359 24.8830589056 2.0
-16.4195516437 17.3689237681 0.0
-24.5106969308 24.7959812524 2.0
-12.6713385763 -7.03676673357 1.0
-30.3441183269 28.225168507 2.0
-10.8264379766 -9.02269188899 1.0
-9.64665221821 -6.46523164737 1.0
-6.60390443586 15.0362660185 0.0
-30.0767836832 27.7088005143 2.0
-11.2889229486 12.7183169627 0.0
-7.79268824905 -12.5313471124 1.0
-23.3601919903 22.0821240459 2.0
-27.0793916985 32.3680353621 2.0
-10.3553995563 -14.7640963231 1.0
-9.85694391882 18.4350246585 0.0
-13.9635156269 -11.3698988865 1.0
-12.2933859895 -7.99925875418 1.0
-9.69479722128 -10.7155277384 1.0
-13.3642957003 -13.1647733362 1.0
-26.7921661484 24.1883030782 2.0
-12.1194037453 15.4725918811 0.0
-13.6268570093 18.9134225025 0.0
-9.20637833057 -11.725557266 1.0
-29.8381784756 22.0330586937 2.0
-15.9768056696 -12.628821085 1.0
-10.4592583285 -9.38275921736 1.0
-25.7546495391 26.4667151286 2.0
-27.8637254174 26.3960035608 2.0
-8.75477630728 15.9491404896 0.0
-15.3189106142 -12.1747903923 1.0
-27.9297454933 24.5497785244 2.0
-9.71806169946 -10.4095101844 1.0
-14.6166613111 -11.8452292269 1.0
-8.09458165195 15.5363001948 0.0
-11.1991064884 15.0403371493 0.0
-25.4774483033 26.2365740757 2.0
-12.3973751102 19.4744134051 0.0
-10.6615704695 13.6213199859 0.0
-8.13753080949 -12.4539703536 1.0
-30.4954645827 29.0954252373 2.0
-13.2751019656 20.6459516765 0.0
-9.16650187014 -13.7621984822 1.0
-10.109215437 -10.6036245783 1.0
-28.3695346089 25.580550475 2.0
-14.3184966315 -15.2895023042 1.0
-6.52604531792 15.2729159471 0.0
-27.0439771041 24.693250557 2.0
-10.9751425657 -8.28450464582 1.0
-14.9998944619 -6.15995456759 1.0
-11.7431412965 -6.98194729198 1.0
-13.1229804202 15.9733550155 0.0
-15.1998813525 -14.5777294473 1.0
-10.0179773399 -12.2123982258 1.0
-27.6177577007 26.8384414492 2.0
-12.5188329471 -12.1115474744 1.0
-30.0267744673 24.2801819936 2.0
-13.3503472665 17.6617096276 0.0
-11.0450364702 -11.3571883834 1.0
-26.31364737 25.2098518214 2.0
-17.2940374796 12.3092075323 0.0
-28.7490739979 25.4175927589 2.0
-11.459115698 15.3229659763 0.0
-24.798396266 22.0433395563 2.0
-11.2870807578 -9.87070168809 1.0
-8.34684207304 -9.14499938028 1.0
-12.414112436 -7.98196838419 1.0
-13.1261082651 14.8045425779 0.0
-29.9600417724 29.7206622517 2.0
-7.2374395483 21.2692216999 0.0
-12.6612547715 20.5840506601 0.0
-26.3218879607 24.9725012923 2.0
-16.1123817519 15.1929863236 0.0
-13.3329212657 12.9193540251 0.0
-15.7331354627 13.6110154424 0.0
-11.8261404982 -13.6110251179 1.0
-31.2896325052 27.411086585 2.0
-12.9818651054 -13.7540315834 1.0
-10.1832104726 12.7311174618 0.0
-28.816027576 27.706226135 2.0
-25.4826894753 25.8408561558 2.0
-30.7200362145 24.3433809086 2.0
-28.4817359742 24.9625592901 2.0
-30.1884823465 29.554859701 2.0
-12.5943700135 14.4686572203 0.0
-12.0989601774 -11.1386481206 1.0
-29.9350789668 24.160053833 2.0
-11.3845624527 16.9437940337 0.0
-15.6162769869 22.0479884756 0.0
-10.9661979482 -9.77453270083 1.0
-13.9290926026 18.5592314315 0.0
-26.8381810847 30.4965865554 2.0
-13.1161637671 -8.98211058698 1.0
-29.9422273844 27.8136417523 2.0
-11.097763483 -10.9982698374 1.0
-22.6416289318 25.4752673736 2.0
-14.2115260498 -14.2773563132 1.0
-27.2451641685 23.8123738653 2.0
-12.0142716566 -12.243095869 1.0
-26.3629082253 23.7030663021 2.0
-26.6797086761 25.5683179508 2.0
-9.60892117516 19.1475155686 0.0
-12.4255917327 -12.324662935 1.0
-12.9465054923 17.3898368047 0.0
-23.0038012214 19.9909313615 2.0
-32.954495347 32.5145292468 2.0
-8.24899683113 -11.2199763476 1.0
-21.2304869543 25.6954072747 2.0
-12.6121622192 9.72552899188 0.0
-13.2580489435 16.8875399905 0.0
-11.0826421781 17.9177783823 0.0
-27.6436134222 24.959398256 2.0
-29.6492978021 24.9253373012 2.0
-25.6959329838 23.2607312368 2.0
-9.23776077001 -9.31656596922 1.0
-11.237172194 -10.983920242 1.0
-15.4146339966 16.572237608 0.0
-10.1844969427 -8.50020016549 1.0
-26.7499255971 25.0335523657 2.0
-7.53705775907 -8.46520142399 1.0
-28.7022282017 25.2436275387 2.0
-28.4226151678 24.3181441134 2.0
-13.3284339514 13.358804919 0.0
-11.7856605899 16.4697974643 0.0
