0.72187 0.179299 2
0.745642 0.153597 2
0.214349 0.827549 1
0.847152 0.0992346 2
0.681809 0.130065 2
0.221804 0.806919 1
0.736714 0.672074 0
0.166167 0.799647 1
0.718652 0.16691 2
0.806468 0.220692 2
0.711102 0.678814 0
0.684877 0.65947 0
0.868848 0.641703 0
0.702046 0.141758 2
0.754874 0.634907 0
0.799273 0.103927 2
0.255587 0.765003 1
0.715414 0.658034 0
0.770331 0.630075 0
0.727588 0.182985 2
0.173397 0.783416 1
0.730047 0.190939 2
0.32437 0.792126 1
0.0625496 0.821636 1
0.895706 0.162196 2
0.196418 0.856972 1
0.749366 0.165649 2
0.733014 0.0761285 2
0.16166 0.860824 1
0.824399 0.146136 2
0.881445 0.153145 2
0.665335 0.129057 2
0.748811 0.625565 0
0.75636 0.623434 0
0.717781 0.135636 2
0.658053 0.687564 0
0.289114 0.747983 1
0.695163 0.20865 2
0.10622 0.781366 1
0.691689 0.162564 2
0.319545 0.808913 1
0.319525 0.794369 1
0.178221 0.826595 1
0.691926 0.190966 2
0.142036 0.810382 1
0.373358 0.783575 1
0.898232 0.680546 0
0.28468 0.843681 1
0.209751 0.874819 1
0.288498 0.835693 1
0.252188 0.854878 1
0.60963 0.0657265 2
0.824195 0.171098 2
0.747732 0.674289 0
0.220313 0.856844 1
0.787775 0.157295 2
0.277183 0.823197 1
0.889967 0.113204 2
0.234319 0.885355 1
0.760189 0.703433 0
0.863763 0.647048 0
0.749774 0.703281 0
0.727584 0.146289 2
0.643355 0.149431 2
0.741007 0.0608815 2
0.315758 0.902332 1
0.847193 0.702682 0
0.286359 0.906027 1
0.849061 0.566614 0
0.202549 0.838142 1
0.986549 0.700496 0
0.787772 0.20577 2
0.652595 0.779984 0
0.261409 0.80342 1
0.585495 0.625014 0
0.590352 0.634412 0
0.75066 0.0984449 2
0.216492 0.857768 1
0.70856 0.741572 0
0.67423 0.623042 0
0.751245 0.136727 2
0.703754 0.630611 0
0.618106 0.0893332 2
0.741576 0.135962 2
0.17386 0.825095 1
0.882436 0.740076 0
0.769732 0.630714 0
0.761854 0.190909 2
0.191659 0.881279 1
0.706942 0.586424 0
0.87246 0.589133 0
0.233068 0.897595 1
0.715567 0.114347 2
0.600816 0.588606 0
0.290068 0.844287 1
0.779028 0.699711 0
0.638301 0.638204 0
0.831877 0.634988 0
0.647109 0.0960727 2
0.225391 0.814308 1
0.790516 0.578625 0
0.7314 0.633403 0
0.282139 0.804419 1
0.688959 0.61822 0
0.281627 0.818772 1
0.763528 0.737721 0
0.791588 0.13272 2
0.288364 0.884582 1
0.271317 0.836626 1
0.214411 0.855161 1
0.626843 0.67783 0
0.760629 0.131077 2
0.788399 0.159555 2
0.281927 0.779341 1
0.749903 0.618832 0
0.57561 0.670003 0
0.822053 0.531658 0
0.636443 0.567191 0
0.286235 0.944645 1
0.746441 0.606076 0
0.267809 0.935979 1
0.631469 0.100416 2
0.230645 0.856183 1
0.199268 0.86006 1
0.825005 0.586049 0
0.268148 0.793417 1
0.562807 0.111478 2
0.704988 0.180604 2
0.778727 0.596608 0
0.700414 0.615386 0
0.606906 0.615941 0
0.780895 0.181544 2
0.86968 0.12592 2
0.0652112 0.898097 1
0.741016 0.167122 2
0.246866 0.870149 1
0.683363 0.671021 0
0.879245 0.17294 2
0.158066 0.806223 1
0.499789 0.111228 2
0.194749 0.888661 1
0.373248 0.844128 1
0.237222 0.776864 1
0.306699 0.901092 1
0.282883 0.876965 1
0.230304 0.794063 1
0.534649 0.592795 0
0.655977 0.181178 2
0.318275 0.885583 1
0.725532 0.233209 2
0.696288 0.127647 2
0.768948 0.573842 0
0.219717 0.899168 1
0.60205 0.557915 0
0.299874 0.884301 1
0.736126 0.13588 2
0.87878 0.610557 0
0.80764 0.136037 2
0.22834 0.839067 1
0.28378 0.790829 1
0.740392 0.221229 2
0.686972 0.655801 0
0.624547 0.700643 0
0.753329 0.707503 0
0.680918 0.65195 0
0.592592 0.725613 0
0.192567 0.832339 1
0.12188 0.822756 1
0.320951 0.854605 1
0.780591 0.0926502 2
0.777477 0.0867296 2
0.224479 0.812911 1
0.178312 0.841981 1
0.75146 0.180395 2
0.637859 0.0940762 2
0.14561 0.80163 1
0.231045 0.873892 1
0.654204 0.100885 2
0.771021 0.608739 0
0.286735 0.822039 1
0.751793 0.118114 2
0.177898 0.832136 1
0.720421 0.640185 0
0.343618 0.950304 1
0.266848 0.848553 1
0.842918 0.172681 2
0.168289 0.803457 1
0.756678 0.572156 0
0.835108 0.604827 0
0.146902 0.833336 1
0.697232 0.650734 0
0.774215 0.167915 2
0.781624 0.0719149 2
0.256928 0.771527 1
0.663507 0.549243 0
0.125602 0.864883 1
0.17941 0.758346 1
0.0995927 0.838516 1
0.595242 0.191388 2
0.6703 0.192724 2
0.858704 0.665822 0
0.163261 0.916267 1
0.595006 0.68717 0
0.760934 0.637681 0
0.685959 0.0841668 2
0.198002 0.802018 1
0.301861 0.874892 1
0.289657 0.756593 1
0.839054 0.168229 2
0.709457 0.217846 2
0.71343 0.675065 0
0.749893 0.104134 2
0.782179 0.1851 2
0.714351 0.0984215 2
0.594516 0.673977 0
0.709592 0.601247 0
0.692923 0.153396 2
0.75426 0.113537 2
0.815456 0.0710007 2
0.640623 0.151606 2
0.729518 0.110722 2
0.743471 0.115533 2
0.780722 0.176294 2
0.81482 0.583233 0
0.67949 0.186314 2
0.35592 0.8294 1
0.665087 0.663296 0
0.721478 0.75333 0
0.77821 0.129649 2
0.680712 0.0642841 2
0.828043 0.162259 2
0.756664 0.645232 0
0.828334 0.165711 2
0.686811 0.142123 2
0.214122 0.958252 1
0.200313 0.845179 1
0.192021 0.859881 1
0.27614 0.889257 1
0.216432 0.810888 1
0.733678 0.202757 2
0.777168 0.609836 0
0.178815 0.825809 1
0.775864 0.622564 0
0.344686 0.83845 1
0.858444 0.0666059 2
0.251767 0.841577 1
0.812248 0.154991 2
0.768637 0.695882 0
0.764594 0.690415 0
0.809441 0.6994 0
0.698623 0.123469 2
0.263107 0.889745 1
0.140255 0.860461 1
0.748943 0.689606 0
0.930025 0.690746 0
0.76865 0.098219 2
0.305198 0.801552 1
0.80935 0.130962 2
0.711088 0.113504 2
0.294145 0.900358 1
0.30845 0.944447 1
0.77609 0.725341 0
0.793189 0.637187 0
0.855388 0.16082 2
0.293859 0.767591 1
0.333215 0.858188 1
0.225763 0.811981 1
0.297579 0.869868 1
0.1938 0.843333 1
0.641792 0.514752 0
0.193104 0.727043 1
0.825632 0.218395 2
0.664379 0.160639 2
0.755332 0.174698 2
0.758848 0.182272 2
0.681796 0.740993 0
0.709232 0.67348 0
0.795741 0.15808 2
0.947144 0.654873 0
0.659511 0.147066 2
0.673335 0.574419 0
0.675956 0.57213 0
0.164002 0.786363 1
0.699977 0.267936 2
0.726743 0.714833 0
0.780677 0.0451616 2
0.694016 0.154488 2
0.219489 0.801445 1
0.73351 0.694175 0
0.764078 0.0869419 2
0.281642 0.862548 1
0.81588 0.0779844 2
0.783528 0.579397 0
0.81822 0.106829 2
0.105331 0.894164 1
0.65042 0.122514 2
0.648147 0.602153 0
0.744419 0.169952 2
0.264233 0.812466 1
0.825605 0.164472 2
0.0833303 0.816282 1
0.75678 0.624434 0
0.785918 0.11347 2
0.275925 0.871026 1
0.816651 0.125597 2
0.679174 0.616561 0
0.692992 0.131147 2
0.774863 0.0792724 2
0.709814 0.651319 0
0.728903 0.09104 2
0.133791 0.81387 1
0.773611 0.154157 2
0.735178 0.0603746 2
0.681147 0.647726 0
0.814769 0.132639 2
0.234715 0.867099 1
0.320833 0.875037 1
0.750368 0.183763 2
0.687354 0.724059 0
0.817081 0.16669 2
0.183019 0.789374 1
0.778429 0.163149 2
0.638905 0.648829 0
0.726287 0.670054 0
0.737536 0.661699 0
0.263261 0.839746 1
0.254866 0.824694 1
0.861725 0.667367 0
0.133627 0.829562 1
0.714517 0.612695 0
0.863258 0.110439 2
0.249126 0.830455 1
0.785036 0.655332 0
0.731065 0.17191 2
0.21965 0.862305 1
0.785755 0.648058 0
0.141218 0.893534 1
0.303132 0.856339 1
0.70442 0.618012 0
0.672314 0.61619 0
0.300693 0.803165 1
0.763413 0.659786 0
0.662706 0.162506 2
0.475762 0.675677 0
0.849504 0.0436381 2
0.738338 0.177636 2
0.260067 0.836506 1
0.661522 0.152357 2
0.675115 0.170339 2
0.813717 0.574849 0
0.328686 0.786968 1
0.381553 0.826694 1
0.299399 0.870373 1
0.743545 0.219107 2
0.777174 0.142584 2
0.67414 0.72206 0
0.833386 0.162591 2
0.758735 0.685376 0
0.794216 0.156927 2
0.22956 0.746108 1
0.219605 0.880234 1
0.581451 0.711429 0
0.617423 0.703346 0
0.654918 0.654188 0
0.128086 0.884751 1
0.13257 0.847748 1
0.732184 0.205058 2
0.314329 0.771582 1
0.705604 0.597932 0
0.232816 0.831096 1
0.813014 0.696482 0
0.273038 0.781528 1
0.708568 0.107572 2
0.815568 0.157089 2
0.643418 0.118858 2
0.802182 0.639114 0
0.225665 0.872738 1
0.165596 0.840867 1
0.829314 0.137781 2
0.341536 0.866013 1
0.294314 0.885866 1
0.67228 0.158359 2
0.772021 0.691698 0
0.596468 0.615989 0
0.694447 0.677251 0
0.225394 0.778957 1
0.698397 0.187223 2
0.665204 0.679872 0
0.580383 0.724718 0
0.218229 0.829266 1
0.770739 0.216366 2
0.226325 0.733081 1
0.905595 0.664219 0
0.883272 0.18681 2
0.814032 0.165667 2
0.661285 0.124476 2
0.282992 0.804048 1
0.587175 0.685438 0
0.249356 0.821132 1
0.764707 0.651793 0
0.191587 0.705942 1
0.192212 0.903387 1
0.783064 0.618128 0
0.697422 0.667454 0
0.259908 0.857159 1
0.746344 0.146109 2
0.644212 0.604625 0
0.743896 0.149397 2
0.710643 0.696922 0
0.867733 0.184399 2
0.655762 0.596723 0
0.789204 0.16271 2
0.26802 0.812407 1
0.758247 0.630228 0
0.778122 0.133049 2
0.790889 0.657833 0
0.640611 0.588041 0
0.192021 0.789797 1
0.687241 0.662395 0
0.704542 0.155488 2
0.671908 0.753199 0
0.164071 0.784856 1
0.177988 0.830518 1
0.78357 0.108419 2
0.869473 0.629681 0
0.61511 0.228946 2
0.802596 0.596713 0
0.808669 0.089141 2
0.79192 0.640891 0
0.822842 0.635312 0
0.732758 0.0993048 2
0.28742 0.834364 1
0.117717 0.834137 1
0.26993 0.726778 1
0.285167 0.841774 1
0.545317 0.59278 0
0.327873 0.916256 1
0.750624 0.699292 0
0.211545 0.833108 1
0.278814 0.83104 1
0.193402 0.80924 1
0.270103 0.78942 1
0.779198 0.704539 0
0.258303 0.882362 1
0.713732 0.141758 2
0.279336 0.844229 1
0.566164 0.655778 0
0.688244 0.658534 0
0.658136 0.0732496 2
0.292871 0.817726 1
0.956601 0.17003 2
0.764269 0.15319 2
0.708855 0.148448 2
0.21579 0.820335 1
0.708823 0.105851 2
0.713889 0.151671 2
0.874158 0.128769 2
0.188971 0.812458 1
0.739344 0.209744 2
0.715336 0.674898 0
0.675906 0.127584 2
0.747673 0.650002 0
0.187291 0.840237 1
0.792914 0.758582 0
0.833809 0.623461 0
0.124131 0.801944 1
0.773823 0.526513 0
0.811176 0.137548 2
0.159514 0.773491 1
0.785245 0.662851 0
0.759039 0.138355 2
0.715524 0.153261 2
0.725214 0.167826 2
0.733351 0.0688631 2
0.778752 0.114597 2
0.65181 0.634782 0
0.712099 0.627874 0
0.592212 0.139647 2
0.786533 0.634737 0
0.769521 0.162514 2
0.232226 0.839662 1
0.250689 0.836291 1
0.651704 0.699495 0
0.742257 0.606992 0
0.328235 0.910026 1
0.927769 0.112523 2
0.355245 0.852361 1
0.0843053 0.855734 1
0.690146 0.110601 2
0.701782 0.170226 2
0.115355 0.880866 1
0.80368 0.178851 2
0.175077 0.799329 1
0.73232 0.670787 0
0.722293 0.115141 2
0.845445 0.177163 2
0.156134 0.817957 1
0.762979 0.181748 2
0.76917 0.59993 0
0.705287 0.663071 0
0.900186 0.629778 0
0.6439 0.722515 0
0.221136 0.825593 1
0.783624 0.10297 2
0.849979 0.107759 2
0.245512 0.801903 1
0.263077 0.678434 1
0.840198 0.200485 2
0.352566 0.865521 1
0.345728 0.811141 1
0.692174 0.0846729 2
0.744038 0.0998199 2
0.720459 0.181852 2
0.215119 0.901367 1
0.737644 0.145298 2
0.282746 0.889427 1
0.192258 0.782931 1
0.741522 0.739197 0
0.641521 0.574906 0
0.6847 0.629616 0
0.604546 0.606085 0
0.843363 0.620644 0
0.29946 0.807823 1
0.666652 0.183894 2
0.30759 0.867646 1
0.851818 0.166186 2
0.617979 0.134984 2
0.821572 0.608958 0
0.809233 0.0732313 2
0.173424 0.752582 1
0.0733848 0.800751 1
0.771364 0.17118 2
0.210519 0.884793 1
0.299057 0.857664 1
0.678009 0.611962 0
0.761375 0.170807 2
0.259904 0.857885 1
0.748634 0.15117 2
0.781418 0.0991553 2
0.228649 0.842118 1
0.808642 0.548085 0
0.813073 0.667095 0
0.269751 0.885026 1
0.155598 0.782587 1
0.837402 0.666584 0
0.192959 0.795076 1
0.187974 0.755504 1
0.642558 0.6717 0
0.328256 0.821141 1
0.7346 0.0993666 2
0.699977 0.631546 0
0.183197 0.87194 1
0.650409 0.686008 0
0.820301 0.640331 0
0.189645 0.938235 1
0.686298 0.671295 0
0.131721 0.877907 1
0.77195 0.709331 0
0.253807 0.832949 1
0.217273 0.847367 1
0.878767 0.645117 0
0.676096 0.231329 2
0.756083 0.126738 2
0.700763 0.155761 2
0.744753 0.111489 2
0.440024 0.900583 1
0.315775 0.837048 1
0.571515 0.152 2
0.782676 0.171223 2
0.691494 0.623776 0
0.226091 0.895275 1
0.666388 0.683484 0
0.607662 0.680963 0
0.224287 0.854869 1
0.214925 0.921239 1
0.647149 0.121687 2
0.713804 0.104684 2
0.737431 0.0990123 2
0.764722 0.749357 0
0.692781 0.621067 0
0.350844 0.838039 1
0.668885 0.161668 2
0.812235 0.152935 2
0.215762 0.739374 1
0.509797 0.709148 0
0.795245 0.612145 0
0.140589 0.850635 1
0.312113 0.899201 1
0.779381 0.611615 0
0.720379 0.68197 0
0.544845 0.687238 0
0.63808 0.714376 0
0.761317 0.145707 2
0.987981 0.663886 0
0.185724 0.734329 1
0.244179 0.886977 1
0.682176 0.146397 2
0.567139 0.664301 0
0.74556 0.148361 2
0.527631 0.0961809 2
0.810861 0.127508 2
0.75724 0.127945 2
0.203277 0.813581 1
0.169524 0.778587 1
0.752044 0.126321 2
0.712684 0.646829 0
0.19012 0.849617 1
0.320039 0.811836 1
0.0761552 0.750802 1
0.308592 0.816733 1
0.310265 0.817374 1
0.678026 0.667831 0
0.724502 0.681682 0
0.113016 0.812174 1
0.763087 0.146717 2
0.640003 0.640896 0
0.662589 0.128142 2
0.714555 0.181302 2
0.190663 0.844786 1
0.736074 0.16386 2
0.161973 0.795433 1
0.750815 0.192327 2
0.632183 0.123949 2
0.700419 0.0857477 2
0.637005 0.632292 0
0.176797 0.851869 1
0.17722 0.73919 1
0.756612 0.141218 2
0.802857 0.649292 0
0.317354 0.782136 1
0.15706 0.929876 1
0.721668 0.206789 2
0.256504 0.777212 1
0.831511 0.164963 2
0.100741 0.793858 1
0.798187 0.608935 0
0.828248 0.672825 0
0.72638 0.604146 0
0.344419 0.802412 1
0.321514 0.778679 1
0.598301 0.171016 2
0.291637 0.79695 1
0.701847 0.0972916 2
0.829416 0.721254 0
0.589138 0.628828 0
0.759209 0.151377 2
0.536273 0.66459 0
0.240002 0.85053 1
0.370974 0.899668 1
0.750088 0.140435 2
0.623872 0.646912 0
0.79269 0.608522 0
0.695301 0.621629 0
0.716677 0.150077 2
0.827984 0.644819 0
0.718621 0.178009 2
0.705713 0.653494 0
0.914095 0.182686 2
0.680893 0.180829 2
0.0872704 0.894489 1
0.733175 0.701652 0
0.85353 0.653318 0
0.67523 0.635567 0
0.174937 0.807064 1
0.796483 0.671105 0
0.198431 0.760829 1
0.252202 0.796781 1
0.814708 0.7312 0
0.68506 0.617618 0
0.164412 0.857667 1
0.162851 0.810156 1
0.605373 0.199994 2
0.141272 0.761703 1
0.681661 0.17531 2
0.722498 0.148197 2
0.579629 0.709019 0
0.649681 0.644446 0
0.692935 0.613971 0
0.851946 0.180936 2
0.211777 0.838958 1
0.255157 0.774018 1
0.143408 0.824375 1
0.798265 0.111235 2
0.185468 0.797336 1
0.318421 0.85531 1
0.874013 0.683687 0
0.781596 0.186205 2
0.721411 0.140761 2
0.264747 0.758273 1
0.270385 0.831441 1
0.751169 0.707834 0
0.221605 0.776778 1
0.778927 0.780242 0
0.729938 0.157511 2
0.786835 0.68039 0
0.259584 0.859032 1
0.767092 0.13901 2
0.80373 0.672601 0
0.264996 0.80763 1
0.681127 0.178899 2
0.767605 0.144203 2
0.616758 0.661828 0
0.716811 0.65306 0
0.765289 0.639498 0
0.754522 0.601039 0
0.658196 0.158846 2
0.897889 0.104586 2
0.657775 0.601708 0
0.776284 0.696212 0
0.842777 0.126879 2
0.139494 0.810249 1
0.805966 0.653596 0
0.672285 0.0965623 2
0.890042 0.0665153 2
0.759399 0.742224 0
0.650108 0.640274 0
0.729766 0.0730239 2
0.720778 0.661733 0
0.355148 0.845382 1
0.761136 0.13489 2
0.182258 0.834078 1
0.789591 0.61209 0
0.552143 0.727097 0
0.40119 0.882156 1
0.243843 0.809253 1
0.642183 0.0753752 2
0.128881 0.821374 1
0.608796 0.737181 0
0.746918 0.630394 0
0.290424 0.774217 1
0.576688 0.156405 2
0.769562 0.646305 0
0.696566 0.152232 2
0.206916 0.932863 1
0.672312 0.170686 2
0.770941 0.611027 0
0.308028 0.836804 1
0.740446 0.106433 2
0.172571 0.906922 1
0.828984 0.190902 2
0.80573 0.135704 2
0.68143 0.623379 0
0.679905 0.741185 0
0.836402 0.153778 2
0.743848 0.116256 2
0.301457 0.847354 1
0.104847 0.841157 1
0.726113 0.196174 2
0.211558 0.874034 1
0.595035 0.619992 0
0.826868 0.149234 2
0.835485 0.153278 2
0.208211 0.82559 1
0.724396 0.181277 2
0.0865055 0.817891 1
0.722451 0.624122 0
0.58281 0.61734 0
0.267047 0.843095 1
0.648137 0.584155 0
0.709912 0.148229 2
0.352119 0.884358 1
0.803421 0.648061 0
0.762419 0.691235 0
0.768457 0.250863 2
0.812728 0.566773 0
0.854646 0.178491 2
0.685329 0.605178 0
0.629486 0.111466 2
0.687258 0.613961 0
0.695633 0.695977 0
0.742028 0.145407 2
0.157843 0.810885 1
0.799785 0.654866 0
0.720704 0.135304 2
0.814994 0.669229 0
0.789122 0.663868 0
0.945168 0.124695 2
0.662197 0.663889 0
0.754279 0.0865262 2
0.277106 0.870794 1
0.734027 0.144492 2
0.796515 0.0255212 2
0.812002 0.695042 0
0.857209 0.188418 2
0.218578 0.823329 1
0.706016 0.0853617 2
0.633101 0.202324 2
0.642008 0.639833 0
0.810695 0.142819 2
0.463453 0.610633 0
0.806507 0.143175 2
0.1941 0.809803 1
0.726351 0.135972 2
0.303409 0.895404 1
0.65381 0.163716 2
0.199557 0.786017 1
0.451295 0.80677 1
0.315259 0.813783 1
0.808036 0.18223 2
0.89049 0.630291 0
0.223845 0.869836 1
0.882527 0.101601 2
0.839853 0.147323 2
0.192931 0.814368 1
0.674728 0.103147 2
0.630124 0.674228 0
0.697538 0.0530789 2
0.766595 0.653735 0
0.90297 0.137412 2
0.667087 0.648718 0
0.745671 0.0580699 2
0.739134 0.721362 0
0.635356 0.680424 0
0.271338 0.781928 1
0.591792 0.134662 2
0.262134 0.838268 1
0.78384 0.594039 0
0.167031 0.870934 1
0.757777 0.661083 0
0.304681 0.800687 1
0.610141 0.63379 0
0.872967 0.611072 0
0.695933 0.220316 2
0.359685 0.832611 1
0.703288 0.659443 0
0.821726 0.618155 0
0.771841 0.667396 0
0.598516 0.715405 0
0.101706 0.865821 1
0.107664 0.889416 1
0.24736 0.832548 1
0.28479 0.855194 1
0.219912 0.839139 1
0.666018 0.573952 0
0.942381 0.183653 2
0.112638 0.824735 1
0.715216 0.177668 2
0.851943 0.632281 0
0.77855 0.136983 2
0.777672 0.154653 2
0.721097 0.121147 2
0.680496 0.691958 0
0.742586 0.148151 2
0.917015 0.745336 0
0.754773 0.674808 0
0.74742 0.170416 2
0.790337 0.653115 0
0.652703 0.162998 2
0.42251 0.792057 1
0.747944 0.601578 0
0.678332 0.706181 0
0.743872 0.652768 0
0.272503 0.81889 1
0.60993 0.662077 0
0.832707 0.149161 2
0.276829 0.797121 1
0.616051 0.193691 2
0.644204 0.640454 0
0.800071 0.619614 0
0.804142 0.188837 2
0.646275 0.125402 2
0.701199 0.611403 0
0.564691 0.639718 0
0.721016 0.205348 2
0.291356 0.8175 1
0.873807 0.154039 2
0.670438 0.13815 2
0.207465 0.793455 1
0.646917 0.740644 0
0.824091 0.151562 2
0.734553 0.691018 0
0.240568 0.874856 1
0.769199 0.0948451 2
0.654389 0.166784 2
0.31611 0.85269 1
0.725008 0.680298 0
0.801983 0.139261 2
0.236929 0.856935 1
0.274811 0.776951 1
0.715714 0.612857 0
0.897377 0.218055 2
0.256003 0.911086 1
0.94261 0.0771011 2
0.770141 0.193808 2
0.193281 0.799573 1
0.210574 0.827205 1
0.713147 0.160935 2
0.203245 0.844574 1
0.245148 0.854629 1
0.239017 0.834121 1
0.712191 0.0779881 2
0.727079 0.682895 0
0.727428 0.120407 2
0.590162 0.598551 0
0.241267 0.819203 1
0.826781 0.0949297 2
0.20461 0.878812 1
0.252515 0.884942 1
0.708533 0.633715 0
0.335781 0.796696 1
0.086512 0.735358 1
0.192677 0.86921 1
0.792851 0.152861 2
0.157463 0.766899 1
0.759997 0.156897 2
0.729154 0.621955 0
0.826152 0.61053 0
0.043073 0.874099 1
0.246118 0.860026 1
0.710965 0.179568 2
0.666224 0.600757 0
0.68158 0.192864 2
0.828607 0.211097 2
0.750508 0.0701953 2
0.811032 0.143693 2
0.210961 0.856562 1
0.781923 0.695309 0
0.638941 0.124844 2
0.657531 0.103108 2
0.764308 0.108202 2
0.216585 0.749762 1
0.279214 0.839831 1
0.718825 0.118446 2
0.319333 0.802729 1
0.664232 0.616389 0
0.788095 0.655622 0
0.255621 0.842283 1
0.638255 0.706124 0
0.727542 0.137364 2
0.267591 0.838006 1
0.619596 0.641654 0
0.701603 0.136978 2
0.102734 0.797386 1
0.328849 0.859618 1
0.76365 0.170195 2
0.840465 0.10228 2
0.62801 0.169762 2
0.53825 0.696918 0
0.333074 0.807558 1
0.833807 0.101742 2
0.349024 0.865569 1
0.666031 0.545325 0
0.178045 0.791411 1
0.208633 0.856906 1
0.885203 0.655224 0
0.739788 0.594058 0
0.750894 0.129042 2
0.647252 0.632811 0
0.884624 0.123049 2
0.791767 0.117141 2
0.693689 0.180786 2
0.815799 0.52787 0
0.783593 0.63179 0
0.842408 0.0661254 2
0.820463 0.673549 0
0.675303 0.667649 0
0.598563 0.641704 0
0.740644 0.714181 0
0.277398 0.882196 1
0.67595 0.17525 2
0.249919 0.902581 1
0.765567 0.143273 2
0.752101 0.175928 2
0.705464 0.787657 0
0.308205 0.82348 1
0.623429 0.757082 0
0.317544 0.861143 1
0.207866 0.837843 1
0.590107 0.672994 0
0.839183 0.180986 2
0.848964 0.152981 2
0.467106 0.663264 0
0.735592 0.584942 0
0.787377 0.128662 2
0.258765 0.8566 1
0.752517 0.166377 2
0.684106 0.687162 0
0.834464 0.682294 0
0.792658 0.127032 2
0.100476 0.839154 1
0.371061 0.852106 1
0.708508 0.779713 0
0.634055 0.646491 0
0.813095 0.166672 2
0.249219 0.816779 1
0.68257 0.585974 0
0.157716 0.805851 1
0.332717 0.866897 1
0.669898 0.687328 0
0.255156 0.79595 1
0.257333 0.845811 1
0.617569 0.135927 2
0.331732 0.944324 1
0.764463 0.576735 0
0.85481 0.143243 2
0.23141 0.814927 1
0.277312 0.830526 1
0.622275 0.716332 0
0.820886 0.598121 0
0.231132 0.805446 1
0.195262 0.935586 1
0.830906 0.112762 2
0.206879 0.876177 1
0.716843 0.101379 2
0.859792 0.153064 2
0.75079 0.141701 2
0.141312 0.822335 1
0.766078 0.236577 2
0.356363 0.813022 1
0.718234 0.183145 2
0.768777 0.601664 0
0.846491 0.204541 2
0.741935 0.134858 2
0.138673 0.837336 1
0.296906 0.864487 1
0.701459 0.114966 2
0.749683 0.727589 0
0.902234 0.107815 2
0.228001 0.850272 1
0.703617 0.166133 2
0.623615 0.627045 0
0.227577 0.766064 1
0.779858 0.131221 2
0.726781 0.647536 0
0.604609 0.204048 2
0.709911 0.731211 0
0.834821 0.665359 0
0.750615 0.155963 2
0.608136 0.15238 2
0.746833 0.179796 2
0.00243276 0.811748 1
0.365226 0.873856 1
0.674294 0.170918 2
0.891049 0.10339 2
0.745596 0.633549 0
0.641891 0.672508 0
0.151646 0.830283 1
0.267334 0.82144 1
0.255576 0.780048 1
0.285774 0.828714 1
0.760331 0.141591 2
0.341444 0.839005 1
0.818021 0.166616 2
0.167912 0.772257 1
0.232745 0.82982 1
0.233413 0.809709 1
0.698187 0.643173 0
0.831766 0.14777 2
0.220654 0.854679 1
0.748855 0.129801 2
0.731974 0.132149 2
0.222076 0.834497 1
0.106974 0.797873 1
0.648129 0.13576 2
0.74224 0.155373 2
0.764147 0.187332 2
0.772929 0.169886 2
0.676859 0.203433 2
0.214438 0.798773 1
0.734564 0.193092 2
0.62774 0.663033 0
0.760132 0.71251 0
0.327595 0.855761 1
0.835704 0.153055 2
0.704306 0.703027 0
0.178845 0.834195 1
0.643652 0.215717 2
0.119093 0.885417 1
0.789442 0.635633 0
0.784503 0.706461 0
0.201796 0.813455 1
0.361758 0.840434 1
0.713858 0.0938094 2
0.682273 0.109501 2
0.755173 0.061069 2
0.234282 0.813538 1
0.747281 0.117741 2
0.718167 0.170661 2
0.193413 0.8318 1
0.199702 0.840257 1
0.786982 0.74284 0
0.774088 0.614206 0
0.792331 0.095268 2
0.704512 0.624715 0
0.790091 0.682882 0
0.682694 0.646437 0
0.749742 0.126165 2
0.862515 0.708712 0
0.177626 0.785278 1
0.758866 0.66685 0
0.150356 0.838569 1
0.717337 0.768324 0
0.222515 0.883674 1
0.271069 0.807615 1
0.0803247 0.817133 1
0.722748 0.170346 2
0.833413 0.646211 0
0.263411 0.77166 1
0.187724 0.843325 1
0.659832 0.639214 0
0.227852 0.832164 1
0.946663 0.0828288 2
0.716344 0.20809 2
0.231184 0.836078 1
0.838201 0.168143 2
0.405801 0.849143 1
0.692838 0.588323 0
0.865859 0.684324 0
0.778484 0.178198 2
0.301149 0.830054 1
0.683052 0.127788 2
0.796094 0.17666 2
0.653312 0.198911 2
0.682614 0.219695 2
0.62228 0.59504 0
0.243168 0.804007 1
0.80821 0.0926546 2
0.702017 0.136239 2
0.200612 0.907034 1
0.372318 0.739849 1
0.636759 0.0726024 2
0.64705 0.633058 0
0.80384 0.634036 0
0.251231 0.818415 1
0.777266 0.702583 0
0.1836 0.795491 1
0.831155 0.15722 2
0.142076 0.868847 1
0.772753 0.173941 2
0.157183 0.915953 1
0.183475 0.885209 1
0.241027 0.743066 1
0.887354 0.156754 2
0.646295 0.678939 0
0.732015 0.118093 2
0.808765 0.699297 0
0.702843 0.110643 2
0.763564 0.698531 0
0.685599 0.700838 0
0.709526 0.712221 0
0.720538 0.699647 0
0.659851 0.604025 0
0.75605 0.665305 0
0.708724 0.665346 0
0.138184 0.892227 1
0.753518 0.148588 2
0.28542 0.813919 1
0.130113 0.85004 1
0.855177 0.154424 2
0.69112 0.61077 0
0.760803 0.144262 2
0.796403 0.117842 2
0.290305 0.875453 1
0.679836 0.672593 0
0.697971 0.6544 0
0.216204 0.816536 1
0.235817 0.903163 1
0.166423 0.849791 1
0.742465 0.711421 0
0.228699 0.877227 1
0.711888 0.653193 0
0.786881 0.0913551 2
0.749619 0.605842 0
0.680818 0.584929 0
0.217205 0.820017 1
0.822235 0.657971 0
0.349552 0.853702 1
0.680396 0.575119 0
0.665377 0.150102 2
0.785328 0.176079 2
0.719579 0.106663 2
0.806401 0.203637 2
0.58798 0.713455 0
0.195201 0.860344 1
0.160946 0.739335 1
0.628287 0.64607 0
0.196383 0.906041 1
0.695189 0.140522 2
0.804373 0.704174 0
0.278412 0.796444 1
0.651552 0.691591 0
0.332568 0.781979 1
0.254882 0.824512 1
0.644633 0.665881 0
0.711273 0.112481 2
0.774881 0.713591 0
0.784079 0.113929 2
0.670737 0.130973 2
0.329086 0.848148 1
0.747682 0.155769 2
0.236919 0.855967 1
0.59334 0.198881 2
0.853834 0.0918554 2
0.715167 0.143282 2
0.754227 0.152024 2
0.216356 0.867256 1
0.792428 0.610225 0
0.697959 0.147329 2
0.80657 0.66188 0
0.776685 0.711183 0
0.673544 0.655802 0
0.763609 0.171912 2
0.780998 0.658751 0
0.820816 0.63038 0
0.684379 0.532386 0
0.215618 0.824854 1
0.296253 0.829285 1
0.722289 0.630169 0
0.359133 0.84188 1
0.224485 0.872834 1
0.955686 0.598326 0
0.680731 0.0494236 2
0.800309 0.199017 2
0.731593 0.643106 0
0.75848 0.22185 2
0.377475 0.779429 1
0.772478 0.681549 0
0.713413 0.705633 0
0.714474 0.160907 2
0.1831 0.746131 1
0.308163 0.903744 1
0.114774 0.853906 1
0.685312 0.156222 2
0.827912 0.178402 2
0.592954 0.132494 2
0.785214 0.661019 0
0.197211 0.789881 1
0.761497 0.187776 2
0.712211 0.155191 2
0.271216 0.885961 1
0.817475 0.577481 0
0.749375 0.76454 0
0.218625 0.829826 1
0.204178 0.88762 1
0.802028 0.678806 0
0.369499 0.848532 1
0.772598 0.686003 0
0.702747 0.145941 2
0.315034 0.823949 1
0.761882 0.107945 2
0.188266 0.876644 1
0.377163 0.882444 1
0.719154 0 2
0.14615 0.880651 1
0.290678 0.831961 1
0.193665 0.891772 1
0.236939 0.797197 1
0.662475 0.18223 2
0.316809 0.832211 1
0.767838 0.0502307 2
0.335991 0.839564 1
0.236152 0.842301 1
0.660743 0.66538 0
0.843317 0.6146 0
0.937324 0.646703 0
0.300026 0.831462 1
0.721299 0.146963 2
0.765171 0.57997 0
0.79284 0.125956 2
0.735866 0.184589 2
0.338847 0.733841 1
0.343315 0.800731 1
0.23263 0.841038 1
0.706254 0.130405 2
0.307785 0.807413 1
0.813712 0.152134 2
0.696823 0.721367 0
0.838093 0.649493 0
0.345213 0.804163 1
0.735068 0.710416 0
0.923238 0.187848 2
0.760039 0.142819 2
0.213405 0.894774 1
0.18715 0.896847 1
0.411485 0.852984 1
0.144891 0.818127 1
0.592957 0.615164 0
0.837176 0.17426 2
0.724172 0.699445 0
0.844772 0.14453 2
0.7268 0.178488 2
0.816876 0.0997665 2
0.0798933 0.84209 1
0.7305 0.755539 0
0.237057 0.858572 1
0.120956 0.859137 1
0.776834 0.17624 2
0.185893 0.884279 1
0.834462 0.155426 2
0.268587 0.835872 1
0.551044 0.609985 0
0.765025 0.516823 0
0.293178 0.858333 1
0.719458 0.117235 2
0.295803 0.787679 1
0.623712 0.14395 2
0.752986 0.617888 0
0.803387 0.700048 0
0.0707084 0.791047 1
0.280921 0.838327 1
0.707195 0.0797685 2
0.764681 0.692357 0
0.685025 0.607482 0
0.722033 0.202 2
0.6048 0.725341 0
0.767515 0.669347 0
0.86573 0.0946992 2
0.283218 0.851247 1
0.156203 0.858979 1
0.728775 0.635352 0
0.610664 0.576681 0
0.729491 0.226399 2
0.747042 0.664504 0
0.235273 0.864251 1
0.750536 0.650069 0
0.706225 0.608604 0
0.897072 0.124134 2
0.758109 0.646805 0
0.805294 0.162984 2
0.0854893 0.838691 1
0.254334 0.843476 1
0.828056 0.160345 2
0.238498 0.852226 1
0.256396 0.866241 1
0.227497 0.811442 1
0.752856 0.693051 0
0.222124 0.836151 1
0.785729 0.639185 0
0.540192 0.627118 0
0.702384 0.656087 0
0.692367 0.684567 0
0.691156 0.202147 2
0.935813 0.112286 2
0.685773 0.669856 0
0.714572 0.625611 0
0.122975 0.834521 1
0.77513 0.640119 0
0.765641 0.106476 2
0.71131 0.0763662 2
0.227704 0.840507 1
0.637169 0.695494 0
0.768384 0.652403 0
0.140075 0.88975 1
0.745884 0.152888 2
0.741612 0.014026 2
0.750121 0.672566 0
0.350038 0.884527 1
0.719652 0.108325 2
0.795605 0.585681 0
0.596261 0.669355 0
0.221809 0.908122 1
0.171647 0.726511 1
0.821356 0.136078 2
0.733539 0.635335 0
0.699436 0.0644145 2
0.872243 0.0841544 2
0.633925 0.640914 0
0.785275 0.740321 0
0.647134 0.0485662 2
0.699011 0.627678 0
0.782798 0.122464 2
0.800964 0.216858 2
0.322629 0.810333 1
0.596638 0.657176 0
0.629046 0.180863 2
0.684126 0.577943 0
0.68286 0.112544 2
0.850837 0.612416 0
0.185973 0.870023 1
0.0636269 0.779881 1
0.78648 0.18588 2
0.776321 0.138743 2
0.806291 0.674011 0
0.866054 0.161933 2
0.124329 0.727294 1
0.740925 0.688383 0
0.822625 0.0879081 2
0.23063 0.823713 1
0.868771 0.650938 0
0.647694 0.146313 2
0.2472 0.847606 1
0.785599 0.182815 2
0.733737 0.212489 2
0.737528 0.189098 2
0.745585 0.0733178 2
0.835691 0.643154 0
0.667789 0.121124 2
0.78324 0.117154 2
0.670537 0.688242 0
0.306147 0.836687 1
0.242447 0.839798 1
0.797248 0.126908 2
0.619748 0.672139 0
0.80427 0.124417 2
0.771701 0.103227 2
0.201415 0.826724 1
0.897909 0.630028 0
0.711966 0.110722 2
0.767542 0.601359 0
0.6776 0.68456 0
0.72501 0.155632 2
0.736493 0.143321 2
0.368433 0.776793 1
0.733468 0.694017 0
0.392317 0.845289 1
0.720287 0.170336 2
0.796871 0.622153 0
0.798773 0.168385 2
0.611708 0.123796 2
0.0983572 0.7964 1
0.318919 0.798454 1
0.694233 0.681964 0
0.122644 0.89475 1
0.197052 0.762314 1
0.701681 0.154396 2
0.467489 0.673254 0
0.233753 0.8117 1
0.235133 0.874758 1
0.683076 0.0532907 2
0.834036 0.167306 2
0.307556 0.805578 1
0.228381 0.852868 1
0.779294 0.663046 0
0.730135 0.115172 2
0.153705 0.794779 1
0.663367 0.114221 2
0.579157 0.609681 0
0.0867777 0.785232 1
0.691593 0.14324 2
0.213055 0.818338 1
0.738106 0.154788 2
0.153846 0.855836 1
0.716672 0.659152 0
0.7309 0.0985081 2
0.871013 0.133084 2
0.786157 0.121068 2
0.317427 0.862018 1
0.387248 0.885964 1
0.3548 0.897578 1
0.824093 0.678022 0
0.243675 0.83932 1
0.142122 0.811865 1
0.219433 0.800043 1
0.793065 0.734089 0
0.734895 0.618082 0
0.279215 0.779187 1
0.33758 0.837412 1
0.331895 0.764591 1
0.659742 0.631676 0
0.596002 0.641838 0
0.639907 0.630118 0
0.697951 0.170185 2
0.732506 0.597645 0
0.584077 0.611237 0
0.662688 0.130618 2
0.579718 0.668343 0
0.183381 0.751984 1
0.750889 0.718267 0
0.351657 0.845918 1
0.781567 0.576639 0
0.247003 0.827123 1
0.712068 0.0773321 2
0.188304 0.850655 1
0.184125 0.855233 1
0.745681 0.554488 0
0.182593 0.851523 1
0.0285024 0.831067 1
0.734996 0.0909533 2
0.196693 0.832248 1
0.645519 0.554518 0
0.827177 0.73304 0
0.660594 0.10511 2
0.743729 0.0995431 2
0.277823 0.827414 1
0.207077 0.816248 1
0.263662 0.856653 1
0.703406 0.126426 2
0.707184 0.128635 2
0.772889 0.137122 2
0.238744 0.874564 1
0.71332 0.206442 2
0.822375 0.615585 0
0.813652 0.656347 0
0.777195 0.163696 2
0.79131 0.720754 0
0.667102 0.213416 2
0.879408 0.223801 2
0.588047 0.628006 0
0.700244 0.133633 2
0.569306 0.154472 2
0.709683 0.605682 0
0.714535 0.18117 2
0.796351 0.589554 0
0.780592 0.109206 2
0.67913 0.655248 0
0.540576 0.6653 0
0.822149 0.634752 0
0.760348 0.629478 0
0.286919 0.854692 1
0.699882 0.629933 0
0.70487 0.695623 0
0.277884 0.852944 1
0.759549 0.0567585 2
0.69302 0.677992 0
0.246528 0.770908 1
0.179645 0.848314 1
0.715168 0.131123 2
0.869815 0.0494798 2
0.716966 0.715269 0
0.637462 0.140004 2
0.743941 0.133247 2
0.268696 0.843758 1
0.60314 0.632672 0
0.796832 0.728852 0
0.272639 0.868022 1
0.866262 0.0741361 2
0.634524 0.223226 2
0.7809 0.165189 2
0.691268 0.664837 0
0.772701 0.7451 0
0.254278 0.854923 1
0.815163 0.618175 0
0.758296 0.213933 2
0.307454 0.865929 1
0.786623 0.765821 0
0.620138 0.107593 2
0.862857 0.661671 0
0.262688 0.82372 1
0.739741 0.572157 0
0.783032 0.166452 2
0.859312 0.641245 0
0.239468 0.885602 1
0.748262 0.629909 0
0.204241 0.887553 1
0.157179 0.854161 1
0.837955 0.654726 0
0.695763 0.193569 2
0.155943 0.876196 1
0.600102 0.160782 2
0.692627 0.2024 2
0.204641 0.91039 1
0.792748 0.673346 0
0.777348 0.600942 0
0.295516 0.850671 1
0.789901 0.656933 0
0.722825 0.618955 0
0.159216 0.81109 1
0.749259 0.159736 2
0.700421 0.179718 2
0.159276 0.897149 1
0.699659 0.0905725 2
0.71014 0.69131 0
0.0768688 0.819481 1
0.755939 0.619246 0
0.697337 0.137702 2
0.887926 0.0919441 2
0.2813 0.848737 1
0.192659 0.830959 1
0.799403 0.670794 0
0.680392 0.644471 0
0.235992 0.881009 1
0.243944 0.792149 1
0.772263 0.192267 2
0.949709 0.127565 2
0.354084 0.878741 1
0.80232 0.61848 0
0.713178 0.0575432 2
0.55878 0.207064 2
0.729336 0.0621822 2
0.787094 0.152122 2
0.290191 0.857891 1
0.155542 0.884535 1
0.656119 0.634857 0
0.604463 0.220744 2
0.0359645 0.898891 1
0.696171 0.114097 2
0.116412 0.825101 1
0.723193 0.584744 0
0.141853 0.824046 1
0.70455 0.624327 0
0.77418 0.197139 2
0.215732 0.820228 1
0.800711 0.60885 0
0.108272 0.846198 1
0.132549 0.83145 1
0.792524 0.596168 0
0.849892 0.109701 2
0.858704 0.163606 2
0.234208 0.826608 1
0.563726 0.68207 0
0.239052 0.864162 1
0.292451 0.840855 1
0.667956 0.697753 0
0.79136 0.686547 0
0.744633 0.116549 2
0.114581 0.86747 1
0.184261 0.759434 1
0.555744 0.625942 0
0.746127 0.656877 0
0.87893 0.11887 2
0.624433 0.594735 0
0.67371 0.597075 0
0.185383 0.837592 1
0.156697 0.785251 1
0.671043 0.185489 2
0.801073 0.136951 2
0.513139 0.696551 0
0.704943 0.614326 0
0.619567 0.60556 0
0.262752 0.777286 1
0.713465 0.0968651 2
0.296045 0.817672 1
0.833104 0.591989 0
0.795459 0.233755 2
0.331422 0.860909 1
0.684855 0.13259 2
0.867628 0.142934 2
0.798411 0.66297 0
0.904543 0.168188 2
0.702611 0.240522 2
0.135847 0.941222 1
0.630556 0.592383 0
0.719399 0.698006 0
0.636564 0.142571 2
0.743507 0.666902 0
0.296642 0.867223 1
0.757097 0.668642 0
0.785145 0.141915 2
0.729355 0.0652935 2
0.288396 0.819187 1
0.131122 0.82615 1
0.843823 0.168006 2
0.28958 0.785005 1
0.283529 0.882082 1
0.795683 0.661988 0
0.817798 0.18794 2
0.775225 0.112365 2
0.676158 0.676557 0
0.216161 0.829766 1
0.208656 0.826804 1
0.17018 0.858898 1
0.737901 0.102384 2
0.751627 0.20818 2
0.707558 0.16391 2
0.623394 0.654687 0
0.822797 0.104079 2
0.156923 0.860182 1
0.311857 0.843333 1
0.318446 0.843429 1
0.172559 0.910579 1
0.747091 0.169998 2
0.655699 0.0869336 2
0.659436 0.65133 0
0.723249 0.207599 2
0.213902 0.899937 1
0.995757 0.635076 0
0.765291 0.162256 2
0.257385 0.762019 1
0.231459 0.828234 1
0.856031 0.555102 0
0.708125 0.719582 0
0.790211 0.573467 0
0.714063 0.117316 2
0.758707 0.177138 2
0.13598 0.812474 1
0.116036 0.83557 1
0.779609 0.112958 2
0.79264 0.68067 0
0.729224 0.125522 2
0.753622 0.171877 2
0.33368 0.829845 1
0.730854 0.113845 2
0.267813 0.915815 1
0.714828 0.67581 0
0.322777 0.860245 1
0.111668 0.76423 1
0.280944 0.824817 1
0.348563 0.846932 1
0.1581 0.780305 1
0.357108 0.887648 1
0.626966 0.612212 0
0.266906 0.90122 1
0.773457 0.654574 0
0.830359 0.67456 0
0.696794 0.637454 0
0.165162 0.805723 1
0.253738 0.784293 1
0.259108 0.823094 1
0.225875 0.91842 1
0.121033 0.785491 1
0.830503 0.088589 2
0.0447629 0.796502 1
0.864354 0.636336 0
0.26869 0.846828 1
0.583726 0.68356 0
0.649227 0.186685 2
0.666827 0.13983 2
0.250159 0.873693 1
0.642281 0.660569 0
0.804152 0.621087 0
0.313929 0.889372 1
0.77921 0.709603 0
0.736447 0.715369 0
0.838668 0.130949 2
0.854633 0.149767 2
0.47219 0.82401 1
0.373908 0.830962 1
0.604566 0.649931 0
0.0575413 0.749835 1
0.701617 0.679677 0
0.250186 0.756796 1
0.594569 0.65825 0
0.281016 0.723996 1
0.129303 0.804142 1
0.519162 0.624729 0
0.288004 0.849319 1
0.858484 0.187434 2
0.672313 0.120399 2
0.142541 0.854724 1
0.678748 0.626 0
0.18764 0.87327 1
0.821942 0.138083 2
0.594843 0.673455 0
0.774999 0.610504 0
0.109923 0.809729 1
0.655609 0.14981 2
0.205048 0.856268 1
0.716416 0.670444 0
0.751033 0.664065 0
0.341178 0.814615 1
0.761951 0.218052 2
0.833001 0.120445 2
0.246907 0.902632 1
0.778094 0.114589 2
0.793141 0.650442 0
0.842115 0.662889 0
0.748327 0.126644 2
0.835084 0.102788 2
0.65832 0.590587 0
0.259608 0.790666 1
0.389645 0.772761 1
0.814233 0.151988 2
0.379378 0.868988 1
0.84859 0.178002 2
0.27863 0.86914 1
0.666932 0.677964 0
0.775756 0.688693 0
0.614132 0.165942 2
0.754679 0.650853 0
0.792755 0.166325 2
0.782963 0.562216 0
0.274203 0.787678 1
0.656914 0.674018 0
0.270157 0.86707 1
0.796016 0.0629816 2
0.793838 0.195538 2
0.229509 0.817704 1
0.803203 0.568322 0
0.860359 0.629084 0
0.794179 0.679385 0
0.26445 0.830155 1
0.696183 0.0980219 2
0.699745 0.0964097 2
0.141377 0.813197 1
0.316766 0.901569 1
0.798087 0.64874 0
0.746284 0.241725 2
0.81635 0.147611 2
0.865521 0.709161 0
0.734374 0.0779687 2
0.745014 0.139785 2
0.237259 0.726324 1
0.199944 0.789822 1
0.303048 0.832973 1
0.837059 0.131767 2
0.347688 0.877571 1
0.12729 0.774661 1
0.696527 0.651082 0
0.724916 0.132337 2
0.23795 0.859524 1
0.647724 0.640581 0
0.794636 0.122066 2
0.352534 0.834714 1
0.743893 0.081809 2
0.832607 0.209862 2
0.886917 0.587495 0
0.769427 0.683311 0
0.743721 0.188581 2
0.121525 0.806884 1
0.2618 0.820788 1
0.241641 0.806623 1
0.170566 0.805335 1
0.65636 0.700614 0
0.623268 0.767135 0
0.535904 0.630113 0
0.185845 0.782363 1
0.574139 0.183836 2
0.757217 0.122408 2
0.633385 0.67214 0
0.750886 0.658329 0
0.760858 0.129104 2
0.71653 0.171478 2
0.731443 0.567709 0
0.583701 0.683516 0
0.139654 0.811713 1
0.714455 0.086852 2
0.684419 0.679572 0
0.77078 0.173749 2
0.488818 0.621146 0
0.640268 0.711832 0
0.808784 0.120853 2
0.0998772 0.830909 1
0.747909 0.145156 2
0.364814 0.824358 1
0.780231 0.683221 0
0.812068 0.615083 0
0.690505 0.73088 0
0.821511 0.150167 2
0.728459 0.13863 2
0.23274 0.849811 1
0.261166 0.802499 1
0.262441 0.77035 1
0.237162 0.822178 1
0.212583 0.891005 1
0.70477 0.138668 2
0.688661 0.190614 2
0.547384 0.560583 0
0.194805 0.847913 1
0.432195 0.892822 1
0.12646 0.864541 1
0.804577 0.660968 0
0.705967 0.224745 2
0.760688 0.681112 0
0.876664 0.718853 0
0.363894 0.778324 1
0.588944 0.595581 0
0.191219 0.858828 1
0.729468 0.71367 0
0.60392 0.616834 0
0.279077 0.793765 1
0.80127 0.104272 2
0.731155 0.113761 2
0.197543 0.855032 1
0.20552 0.834022 1
0.787247 0.572077 0
0.0842927 0.827696 1
0.353477 0.827068 1
0.202921 0.754992 1
0.22912 0.812829 1
0.862414 0.687535 0
0.700801 0.126026 2
0.712328 0.128589 2
0.149819 0.822231 1
0.809498 0.615999 0
0.768537 0.705227 0
0.198313 0.895184 1
0.266245 0.776978 1
0.830521 0.640649 0
0.201906 0.85386 1
0.341505 0.838147 1
0.213389 0.832003 1
0.768376 0.593531 0
0.283502 0.832122 1
0.144442 0.748097 1
0.781101 0.149425 2
0.710516 0.207468 2
0.654307 0.636954 0
0.804834 0.653896 0
0.270026 0.775609 1
0.657245 0.733087 0
0.520593 0.574783 0
0.175502 0.883097 1
0.768891 0.119258 2
0.212743 0.78745 1
0.759315 0.143326 2
0.20694 0.87425 1
0.761806 0.196237 2
0.677272 0.231315 2
0.70651 0.140108 2
0.661569 0.185914 2
0.224972 0.775521 1
0.130551 0.851022 1
0.165313 0.851246 1
0.704496 0.634424 0
0.653621 0.149054 2
0.769596 0.145774 2
0.685124 0.611313 0
0.25272 0.822728 1
0.730707 0.175192 2
0.11241 0.87195 1
0.765106 0.242288 2
0.655584 0.171118 2
0.343473 0.780993 1
0.76662 0.161146 2
0.735532 0.644828 0
0.722927 0.59312 0
0.52964 0.595534 0
0.906465 0.111062 2
0.701722 0.102325 2
0.779058 0.671169 0
0.78674 0.130443 2
0.644582 0.138251 2
0.707878 0.15795 2
0.161463 0.833693 1
0.670834 0.0650931 2
0.711135 0.611751 0
0.764404 0.13055 2
0.118462 0.884795 1
0.142807 0.890228 1
0.254234 0.788104 1
0.910746 0.716175 0
0.666129 0.669173 0
0.717402 0.125835 2
0.164009 0.890785 1
0.649795 0.730294 0
0.852138 0.177642 2
0.685834 0.114262 2
0.527889 0.664262 0
0.790578 0.657847 0
0 0.919222 1
0.708887 0.108265 2
0.681752 0.110721 2
0.0456368 0.782216 1
0.76729 0.0879954 2
0.211259 0.837307 1
0.818273 0.129145 2
0.782406 0.135367 2
0.774486 0.107876 2
0.685406 0.0909445 2
0.690309 0.154141 2
0.289156 0.887973 1
0.577687 0.629252 0
0.730679 0.633508 0
0.20004 0.83957 1
0.628581 0.169519 2
0.74449 0.077581 2
0.743454 0.127583 2
0.654307 0.637727 0
0.773643 0.150187 2
0.801525 0.7355 0
0.242096 0.8485 1
0.889969 0.667422 0
0.777428 0.648041 0
0.309825 0.892476 1
0.710144 0.595182 0
0.649639 0.609377 0
0.718712 0.627158 0
0.225231 0.806428 1
1 0.143835 2
0.253233 0.88366 1
0.59274 0.0747928 2
0.238396 0.743712 1
0.21991 0.829917 1
0.937111 0.65936 0
0.307086 0.835081 1
0.324507 0.771111 1
0.772565 0.124471 2
0.22204 0.846331 1
0.67315 0.185125 2
0.768789 0.0964984 2
0.627862 0.156147 2
0.294694 0.880356 1
0.761866 0.103934 2
0.300108 0.798793 1
0.696013 0.647464 0
0.0480221 0.88324 1
0.698527 0.672724 0
0.0789716 0.831243 1
0.866539 0.123004 2
0.172638 0.89214 1
0.534297 0.755043 0
0.634378 0.0633106 2
0.690295 0.196618 2
0.623132 0.720087 0
0.145721 0.758728 1
0.747475 0.492488 0
0.624816 0.641036 0
0.258384 0.852295 1
0.80733 0.207686 2
0.671102 0.229035 2
0.24724 0.826293 1
0.613053 0.664725 0
0.722796 0.659654 0
0.651402 0.622605 0
0.834591 0.150308 2
0.73598 0.754522 0
0.740167 0.619248 0
0.106282 0.839679 1
0.784519 0.130864 2
0.758646 0.185693 2
0.182161 0.796949 1
0.756602 0.213809 2
0.9196 0.642234 0
0.282471 0.878217 1
0.564203 0.704853 0
0.740049 0.171084 2
0.0841128 0.814664 1
0.634544 0.761589 0
0.724564 0.55632 0
0.873621 0.0607997 2
0.278727 0.799207 1
0.641043 0.184856 2
0.319313 0.851004 1
0.715569 0.109258 2
0.73523 0.127884 2
0.329028 0.752276 1
0.735202 0.0960095 2
0.772575 0.622496 0
0.410166 0.834752 1
0.70347 0.700482 0
0.756973 0.715063 0
0.868026 0.641092 0
0.731828 0.158102 2
0.29868 0.826084 1
0.297903 0.865687 1
0.643824 0.161614 2
0.733204 0.172546 2
0.27234 0.824094 1
0.284873 0.848135 1
0.675511 0.667509 0
0.18888 0.829402 1
0.233544 0.786455 1
0.81001 0.603393 0
0.792506 0.168851 2
0.157239 0.800816 1
0.31342 0.880401 1
0.334869 1 1
0.705594 0.703779 0
0.73359 0.217737 2
0.313877 0.850116 1
0.150408 0.817165 1
0.674027 0.746306 0
0.731726 0.0974128 2
0.678542 0.545778 0
0.596913 0.592858 0
0.836381 0.150536 2
0.804391 0.135258 2
0.185096 0.786839 1
0.614084 0.133553 2
0.776637 0.144974 2
0.745621 0.129103 2
0.713513 0.157919 2
0.788152 0.150031 2
0.627078 0.158766 2
0.22907 0.810726 1
0.777023 0.149451 2
0.619479 0.134508 2
0.623689 0.147921 2
0.208288 0.816 1
0.66917 0.657382 0
0.153048 0.760913 1
0.77639 0.674537 0
0.822614 0.667522 0
0.776347 0.656532 0
0.558657 0.151602 2
0.80156 0.157222 2
0.865471 0.742941 0
0.178276 0.800419 1
0.17656 0.865247 1
0.69349 0.134706 2
0.71126 0.630497 0
0.756137 0.605584 0
0.827924 0.156239 2
0.801741 0.619136 0
0.258165 0.875768 1
0.733998 0.664612 0
0.784678 0.66258 0
0.704062 0.667736 0
0.855421 0.627902 0
0.266643 0.818518 1
0.760095 0.602108 0
0.278717 0.845537 1
0.135754 0.754988 1
0.741283 0.593637 0
0.659339 0.694159 0
0.887609 0.70486 0
0.737115 0.0787427 2
0.258092 0.931605 1
0.837961 0.684163 0
0.172733 0.806073 1
0.791846 0.159588 2
0.817767 0.137951 2
0.795782 0.128778 2
0.778756 0.692975 0
0.209116 0.874174 1
0.734132 0.143375 2
0.788337 0.154692 2
0.21407 0.821496 1
0.252064 0.822074 1
0.697575 0.123659 2
0.774258 0.648378 0
0.656268 0.64803 0
0.920033 0.606376 0
0.801567 0.147982 2
0.634142 0.577536 0
0.694207 0.1637 2
0.226311 0.810443 1
0.240591 0.879253 1
0.280386 0.897661 1
0.571605 0.732282 0
0.300073 0.84543 1
0.748384 0.80272 0
0.261538 0.814044 1
0.319095 0.79475 1
0.0745764 0.828332 1
0.694702 0.544033 0
0.700672 0.228528 2
0.647844 0.0753554 2
0.706176 0.0986522 2
0.790991 0.595286 0
0.816679 0.108915 2
0.354379 0.902642 1
0.77324 0.146603 2
0.115849 0.812145 1
0.720547 0.585842 0
0.841357 0.638952 0
0.0918671 0.820936 1
0.796853 0.682578 0
0.73254 0.0992336 2
0.330445 0.891705 1
0.703867 0.0160156 2
0.905327 0.581854 0
0.739304 0.69572 0
0.761048 0.0621653 2
0.169854 0.825198 1
0.192459 0.794165 1
0.127688 0.852962 1
0.741935 0.174654 2
0.68867 0.126039 2
0.847733 0.177797 2
0.259791 0.821962 1
0.789259 0.15755 2
0.751173 0.130954 2
0.779948 0.185538 2
0.720398 0.191576 2
0.690153 0.631336 0
0.786262 0.193956 2
0.174898 0.856955 1
0.651985 0.158402 2
0.811397 0.681209 0
0.91353 0.617222 0
0.16325 0.854857 1
0.739606 0.671704 0
0.11941 0.839753 1
0.714681 0.739822 0
0.679661 0.108717 2
0.160656 0.850605 1
0.77176 0.116688 2
0.215145 0.902626 1
0.747862 0.2081 2
0.68619 0.728108 0
0.777891 0.641552 0
0.252574 0.76729 1
0.678503 0.0992173 2
0.19593 0.844703 1
0.705871 0.177104 2
0.593444 0.208612 2
0.848869 0.164196 2
0.725482 0.600473 0
0.616479 0.646429 0
0.756342 0.734684 0
0.781297 0.118093 2
0.645948 0.170984 2
0.833079 0.629621 0
0.116591 0.88531 1
0.683748 0.592919 0
0.217108 0.903733 1
0.696157 0.645234 0
0.787236 0.622802 0
0.3234 0.832587 1
0.690044 0.145584 2
0.15932 0.840649 1
0.195986 0.891885 1
0.606208 0.174059 2
0.725078 0.630654 0
0.147329 0.809073 1
0.289974 0.829085 1
0.313216 0.850178 1
0.679163 0.593998 0
0.686657 0.645981 0
0.71252 0.602669 0
0.942004 0.700699 0
0.775531 0.631322 0
0.783748 0.186172 2
0.800561 0.669333 0
0.691461 0.11976 2
0.69541 0.154331 2
0.106068 0.84591 1
0.268442 0.818456 1
0.683972 0.676447 0
0.722615 0.523907 0
0.653262 0.079955 2
0.519447 0.683627 0
0.248488 0.799046 1
0.779398 0.13094 2
0.744113 0.714888 0
0.2188 0.797998 1
0.637902 0.646865 0
0.13317 0.7281 1
0.753278 0.229973 2
0.647546 0.13451 2
0.639707 0.687005 0
0.804237 0.158959 2
0.716923 0.189245 2
0.701453 0.126292 2
0.755462 0.156183 2
0.594455 0.150934 2
0.751469 0.174142 2
0.747043 0.594414 0
0.643077 0.195133 2
0.654218 0.600144 0
0.726442 0.16489 2
0.762185 0.579779 0
0.613019 0.194494 2
0.649136 0.179612 2
0.256981 0.763775 1
0.0933494 0.869558 1
0.642399 0.130353 2
0.323254 0.889103 1
0.278674 0.824107 1
0.236813 0.792931 1
0.673113 0.618851 0
0.777069 0.655327 0
0.202855 0.736727 1
0.917642 0.0964459 2
0.742895 0.13711 2
0.664055 0.718077 0
0.178314 0.75013 1
0.565852 0.656505 0
0.295977 0.842235 1
0.693185 0.545896 0
0.775872 0.13268 2
0.759334 0.141752 2
0.71647 0.713201 0
0.859723 0.605518 0
0.227426 0.909461 1
0.834996 0.626471 0
0.120153 0.842898 1
0.265927 0.789268 1
0.766712 0.157035 2
0.678287 0.124396 2
0.176862 0.895788 1
0.882563 0.183057 2
0.718029 0.226791 2
0.243643 0.855377 1
0.175728 0.868826 1
0.377182 0.868821 1
0.751072 0.705675 0
0.668398 0.182948 2
0.634903 0.543016 0
0.216618 0.866149 1
0.825505 0.113813 2
0.199847 0.878738 1
0.712901 0.686166 0
0.725557 0.187103 2
0.768555 0.062808 2
0.164716 0.863541 1
0.845124 0.633626 0
0.222941 0.843193 1
0.417102 0.839091 1
0.823559 0.686951 0
0.410631 0.789866 1
0.112386 0.790182 1
0.693214 0.70301 0
0.833057 0.103591 2
0.287257 0.875716 1
0.208709 0.830826 1
0.134425 0.80843 1
0.927581 0.614418 0
0.797301 0.711751 0
0.308038 0.7433 1
0.63758 0.0136296 2
0.771703 0.092089 2
0.17123 0.835257 1
0.714711 0.16014 2
0.746468 0.227992 2
0.694837 0.614358 0
0.238826 0.890278 1
0.534716 0.788459 0
0.747181 0.102843 2
0.687894 0.148912 2
0.664841 0.639855 0
0.643506 0.643551 0
0.619749 0.660622 0
0.609873 0.628158 0
0.690247 0.64338 0
0.807509 0.563627 0
0.728306 0.146656 2
0.250701 0.827018 1
0.242232 0.766333 1
0.769948 0.671427 0
0.3152 0.830601 1
0.684114 0.652034 0
0.81123 0.670116 0
0.201551 0.811436 1
0.251923 0.771142 1
0.227686 0.760353 1
0.880578 0.0686137 2
0.257174 0.938471 1
0.647427 0.724258 0
0.879185 0.16478 2
0.724027 0.124145 2
0.763828 0.121442 2
0.837802 0.127096 2
0.696894 0.626705 0
0.743554 0.680297 0
0.764484 0.606129 0
0.193588 0.798211 1
0.215461 0.833331 1
0.961134 0.147003 2
0.8409 0.593432 0
0.241605 0.853552 1
0.709178 0.519163 0
0.854915 0.128793 2
0.218156 0.815442 1
0.25705 0.749772 1
0.681735 0.18539 2
0.122051 0.838431 1
0.633674 0.591882 0
0.296445 0.861835 1
0.2472 0.857527 1
0.744944 0.142718 2
0.737853 0.111856 2
0.152477 0.792201 1
0.74499 0.154988 2
0.737217 0.568842 0
0.671254 0.687784 0
0.549488 0.0808071 2
0.875093 0.14369 2
0.189063 0.887107 1
0.678211 0.107683 2
0.786571 0.581151 0
0.776593 0.122934 2
0.676859 0.620077 0
0.780079 0.0738234 2
0.625406 0.201204 2
0.756928 0.616527 0
0.695446 0.619402 0
0.580475 0.685995 0
0.627556 0.552806 0
0.556866 0.685149 0
0.838655 0.756544 0
0.647174 0.0477932 2
0.69556 0.63582 0
0.299302 0.886896 1
0.792775 0.593541 0
0.720349 0.183556 2
0.588705 0.663447 0
0.671127 0.6535 0
0.213368 0.835293 1
0.66901 0.100807 2
0.827979 0.681123 0
0.144667 0.761276 1
0.786249 0.188478 2
0.678854 0.586828 0
0.743391 0.654895 0
0.715377 0.0493854 2
0.658386 0.649031 0
0.717768 0.588008 0
0.8592 0.637422 0
0.661804 0.699577 0
0.93679 0.138319 2
0.272499 0.821521 1
0.192046 0.788693 1
0.195607 0.827211 1
0.325735 0.860736 1
0.807068 0.519841 0
0.153144 0.835171 1
0.63797 0.194408 2
0.251282 0.871694 1
0.159749 0.830819 1
0.813253 0.121011 2
0.148258 0.833947 1
0.882842 0.141659 2
0.213432 0.882371 1
0.730261 0.642807 0
0.637526 0.594087 0
0.5664 0.163855 2
0.671272 0.128765 2
0.819053 0.648154 0
0.427923 0.846128 1
0.825355 0.658366 0
0.739801 0.112902 2
0.641284 0.663007 0
0.687681 0.171801 2
0.792974 0.589838 0
0.152644 0.855458 1
0.190763 0.875168 1
0.764052 0.646762 0
0.637615 0.650433 0
0.29695 0.770969 1
0.289136 0.825866 1
0.620204 0.609759 0
0.224827 0.845047 1
0.987319 0.666612 0
0.741907 0.71892 0
0.139402 0.852984 1
0.730391 0.719934 0
0.609297 0.615991 0
0.672101 0.143792 2
0.707517 0.809552 0
0.779031 0.616381 0
0.680911 0.679655 0
0.204119 0.843168 1
0.739271 0.124606 2
0.837069 0.653505 0
0.829056 0.19497 2
0.677157 0.118138 2
0.704452 0.643835 0
0.288233 0.85877 1
0.205289 0.799609 1
0.757906 0.636175 0
0.687424 0.646185 0
0.29611 0.806875 1
0.776424 0.739914 0
0.401109 0.851991 1
0.886137 0.119362 2
0.717194 0.0558496 2
0.329732 0.759987 1
0.5904 0.154938 2
0.635629 0.657889 0
0.826923 0.620722 0
0.767058 0.679537 0
0.279636 0.855812 1
0.811278 0.743282 0
0.735261 0.163534 2
0.728947 0.137978 2
0.79746 0.655532 0
0.693381 0.104001 2
0.570351 0.165525 2
0.251426 0.903884 1
0.652464 0.617279 0
0.340449 0.87114 1
0.734046 0.653616 0
0.705756 0.104172 2
0.722774 0.130991 2
0.187027 0.870406 1
0.632137 0.732446 0
0.722194 0.708135 0
0.75699 0.15025 2
0.705225 0.552315 0
0.658177 0.140253 2
0.633603 0.212658 2
0.728389 0.626445 0
0.681485 0.644001 0
0.286577 0.77842 1
0.789492 0.640366 0
0.735946 0.0331899 2
0.15155 0.810981 1
0.556243 0.12831 2
0.667121 0.674712 0
0.171962 0.750859 1
0.648763 0.622574 0
0.786822 0.170108 2
0.905962 0.634617 0
0.257084 0.829132 1
0.778025 0.586533 0
0.688258 0.593919 0
0.17658 0.881253 1
0.86935 0.682955 0
0.295968 0.812272 1
0.628525 0.64117 0
0.724367 0.709393 0
0.707268 0.179483 2
0.742298 0.240764 2
0.843296 0.0287752 2
0.742663 0.639306 0
0.777053 0.108234 2
0.150825 0.894367 1
0.714551 0.168457 2
0.317414 0.819846 1
0.690001 0.690878 0
0.668624 0.617189 0
0.64939 0.0714843 2
0.676693 0.17231 2
0.742649 0.659844 0
0.794846 0.245285 2
0.8058 0.657953 0
0.83657 0.660607 0
0.625478 0.681537 0
0.745961 0.65649 0
0.155032 0.822321 1
0.732995 0.143326 2
0.810026 0.697856 0
0.315607 0.896059 1
0.76499 0.139958 2
0.710268 0.199723 2
0.118423 0.836498 1
0.858608 0.697917 0
0.733637 0.710111 0
0.146456 0.829387 1
0.527522 0.121606 2
0.6827 0.190013 2
0.203153 0.870752 1
0.486804 0.800373 1
0.700201 0.18275 2
0.733582 0.131496 2
0.643438 0.716398 0
0.822643 0.654295 0
0.776147 0.68404 0
0.78184 0.637877 0
0.723022 0.109383 2
0.901368 0.092369 2
0.231882 0.79767 1
0.704874 0.0542997 2
0.660315 0.108417 2
0.266257 0.83034 1
0.667149 0.130137 2
0.870275 0.602205 0
0.230878 0.751829 1
0.160192 0.820385 1
0.199424 0.838853 1
0.184187 0.840211 1
0.754024 0.180721 2
0.276306 0.876282 1
0.218145 0.825569 1
0.218064 0.865748 1
0.699017 0.740667 0
0.20545 0.840855 1
0.792096 0.687742 0
0.720973 0.655602 0
0.248238 0.851956 1
0.6896 0.124918 2
0.892388 0.141015 2
0.339944 0.770667 1
0.266495 0.855032 1
0.568459 0.652946 0
0.329151 0.8164 1
0.762252 0.155916 2
0.676791 0.661373 0
0.76852 0.609856 0
0.646833 0.580013 0
0.703077 0.170776 2
0.146264 0.793325 1
0.726664 0.665164 0
0.769877 0.207359 2
0.718612 0.64488 0
0.581582 0.136476 2
0.256789 0.843025 1
0.784422 0.0875922 2
0.716089 0.61282 0
0.732619 0.0972441 2
0.166001 0.866147 1
0.754037 0.607601 0
0.657848 0.183172 2
0.562359 0.665873 0
0.733106 0.165763 2
0.646549 0.694273 0
0.396558 0.705209 1
0.693287 0.736636 0
0.837042 0.156125 2
0.145472 0.873414 1
0.846591 0.136521 2
0.311893 0.871222 1
0.760393 0.59054 0
0.860408 0.661073 0
0.80821 0.671027 0
0.829935 0.192724 2
0.755531 0.674509 0
0.189659 0.798291 1
0.760883 0.150194 2
0.770552 0.1119 2
0.147751 0.834202 1
0.768309 0.635389 0
0.617232 0.680735 0
0.186411 0.826163 1
0.208647 0.883991 1
0.707212 0.0663183 2
0.831104 0.0913959 2
0.735568 0.148956 2
0.784283 0.272323 2
0.226541 0.892408 1
0.841552 0.108519 2
0.754869 0.638107 0
0.678645 0.683033 0
0.782664 0.131711 2
0.674232 0.0559801 2
0.861364 0.127839 2
0.594982 0.599563 0
0.812946 0.150882 2
0.638409 0.200876 2
0.224363 0.853906 1
0.290916 0.811335 1
0.733685 0.665452 0
0.237327 0.870173 1
0.198813 0.764492 1
0.652386 0.789453 0
0.719806 0.647285 0
0.739402 0.649767 0
0.73274 0.661914 0
0.303704 0.820852 1
0.174847 0.835755 1
0.784289 0.127287 2
0.80591 0.178916 2
0.775329 0.684293 0
0.199526 0.799991 1
0.335587 0.830268 1
0.814163 0.62599 0
0.249367 0.881447 1
0.795908 0.0603227 2
0.0568156 0.929893 1
0.754983 0.699055 0
0.621177 0.124209 2
0.207637 0.846266 1
0.754114 0.616216 0
0.865827 0.717621 0
0.661119 0.626281 0
0.153346 0.837318 1
0.785435 0.654287 0
0.718893 0.75689 0
0.622401 0.121463 2
0.583745 0.640625 0
0.6357 0.653835 0
0.657589 0.120684 2
0.66661 0.659077 0
0.779455 0.657274 0
0.574861 0.788525 0
0.845298 0.0916741 2
0.932808 0.141365 2
0.617122 0.673003 0
0.858616 0.633582 0
0.172649 0.847638 1
0.78623 0.203333 2
0.697654 0.111916 2
0.799873 0.115884 2
0.772946 0.68633 0
0.800855 0.207613 2
0.645101 0.634406 0
0.602286 0.592377 0
0.579176 0.68981 0
0.792436 0.111968 2
0.771727 0.191382 2
0.185922 0.882676 1
0.609347 0.611003 0
0.83278 0.601291 0
0.737822 0.146414 2
0.733526 0.671457 0
0.706088 0.197761 2
0.710947 0.709566 0
0.242102 0.890355 1
0.694586 0.750648 0
0.819634 0.263981 2
0.74712 0.614311 0
0.151246 0.842325 1
0.553024 0.720753 0
0.264281 0.775932 1
0.690775 0.611372 0
0.999223 0.648556 0
0.649014 0.629572 0
0.166258 0.86307 1
0.141908 0.798408 1
0.133638 0.902124 1
0.705529 0.642398 0
0.215306 0.764069 1
0.771274 0.160249 2
0.815223 0.165027 2
0.800132 0.194274 2
0.253803 0.845835 1
0.818157 0.141831 2
0.746814 0.653508 0
0.833744 0.622315 0
0.322993 0.858421 1
0.623241 0.178834 2
0.351941 0.876587 1
0.77315 0.149254 2
0.632684 0.146333 2
0.736082 0.117872 2
0.368144 0.851651 1
0.728186 0.104685 2
0.181594 0.792452 1
0.15684 0.80073 1
0.169991 0.865223 1
0.207065 0.82024 1
0.306932 0.862983 1
0.783111 0.195424 2
0.784916 0.644005 0
0.274188 0.927012 1
0.704798 0.707975 0
0.124305 0.820736 1
0.350244 0.846775 1
0.26616 0.80268 1
0.768062 0.189287 2
0.739181 0.66425 0
0.7684 0.668079 0
0.748432 0.710392 0
0.308631 0.774065 1
0.254034 0.780662 1
0.627914 0.727853 0
0.681728 0.660078 0
0.679771 0.0763561 2
0.709013 0.642476 0
0.209115 0.849052 1
0.705278 0.166752 2
0.231636 0.899936 1
0.212582 0.846873 1
0.681675 0.639785 0
0.394353 0.834562 1
0.65478 0.655408 0
0.648542 0.59118 0
0.695527 0.6334 0
0.157586 0.843929 1
0.84011 0.0951467 2
0.235614 0.755991 1
0.76582 0.576311 0
0.701992 0.130897 2
0.675837 0.547604 0
0.775101 0.579679 0
0.520987 0.676335 0
0.785947 0.669838 0
0.674 0.577047 0
0.756442 0.164474 2
0.757344 0.635672 0
0.692172 0.608116 0
0.667188 0.128594 2
0.81464 0.596291 0
0.748716 0.169988 2
0.631146 0.665912 0
0.684806 0.607627 0
0.795657 0.282053 2
0.266833 0.840827 1
0.795709 0.115703 2
0.196885 0.821631 1
0.661301 0.158739 2
0.319261 0.718205 1
0.271224 0.818244 1
0.201451 0.794376 1
0.785592 0.108704 2
0.715544 0.126385 2
0.240732 0.795168 1
0.756073 0.609923 0
0.305116 0.861023 1
0.751482 0.0582499 2
0.585683 0.205276 2
0.148738 0.830326 1
0.834987 0.665884 0
0.81055 0.127812 2
0.364099 0.762465 1
0.803735 0.644832 0
0.880766 0.677611 0
0.6973 0.807887 0
0.705643 0.68233 0
0.0764508 0.84781 1
0.862718 0.166946 2
0.587011 0.608372 0
0.703204 0.144137 2
0.19301 0.787583 1
0.718393 0.703799 0
0.749932 0.538069 0
0.135337 0.823495 1
0.160547 0.860454 1
0.30814 0.786199 1
0.182553 0.80035 1
0.803234 0.170843 2
0.771369 0.124533 2
0.80892 0.122518 2
0.533717 0.133209 2
0.777596 0.112473 2
0.698961 0.650123 0
0.6799 0.643018 0
0.521883 0.195045 2
0.317666 0.809976 1
0.684524 0.0951285 2
0.694811 0.101641 2
0.781327 0.137912 2
0.748913 0.143826 2
0.817639 0.163448 2
0.739509 0.102656 2
0.716516 0.664018 0
0.624828 0.621018 0
0.783391 0.105334 2
0.996787 0.661848 0
0.804715 0.611405 0
0.174651 0.786191 1
0.739308 0.107277 2
0.668856 0.679415 0
0.628421 0.512906 0
0.90463 0.160913 2
0.704532 0.62332 0
0.304213 0.884262 1
0.755057 0.719492 0
0.620655 0.618116 0
0.699377 0.698375 0
0.147426 0.846362 1
0.819853 0.19081 2
0.723464 0.632856 0
0.651005 0.693981 0
0.754861 0.573261 0
0.662405 0.555661 0
0.635756 0.0998617 2
0.71787 0.17199 2
0.781558 0.574988 0
0.213168 0.840253 1
0.708349 0.030667 2
0.214118 0.912348 1
0.215277 0.825116 1
0.795234 0.128793 2
0.69647 0.15977 2
0.718372 0.237038 2
0.226668 0.867752 1
0.89206 0.201605 2
0.701836 0.145843 2
0.794613 0.0975437 2
0.77659 0.621015 0
0.65191 0.571259 0
0.369356 0.832655 1
0.286305 0.862841 1
0.751132 0.192947 2
0.722751 0.0818028 2
0.727341 0.665809 0
0.265217 0.818013 1
0.715492 0.73094 0
0.750979 0.183565 2
0.674025 0.610098 0
0.146896 0.82189 1
0.66541 0.729092 0
0.782697 0.0272077 2
0.252238 0.917445 1
0.74632 0.703173 0
0.00391045 0.825024 1
0.769942 0.635949 0
0.236392 0.809378 1
0.187642 0.86474 1
0.34485 0.872613 1
0.673543 0.612526 0
0.763268 0.681776 0
0.705838 0.145159 2
0.244647 0.811571 1
0.109896 0.827025 1
0.238008 0.774473 1
0.091564 0.806923 1
0.72542 0.57801 0
0.757726 0.709038 0
0.676913 0.695127 0
0.372198 0.854462 1
0.219989 0.886525 1
0.146521 0.875773 1
0.730517 0.641655 0
0.587518 0.670278 0
0.876733 0.619682 0
0.301633 0.810521 1
0.738397 0.617467 0
0.597458 0.648189 0
0.700877 0.111535 2
0.689443 0.0835232 2
0.199907 0.718845 1
0.799022 0.699723 0
0.660355 0.626919 0
0.730786 0.56755 0
0.623948 0.149285 2
0.768694 0.164204 2
0.665285 0.134368 2
0.653259 0.66113 0
0.717711 0.680462 0
0.744937 0.709082 0
0.225523 0.824019 1
0.219129 0.886733 1
0.12018 0.840597 1
0.692488 0.669964 0
0.806038 0.686809 0
0.301367 0.711289 1
0.736836 0.654982 0
0.803752 0.110574 2
0.821813 0.0993889 2
0.807276 0.652176 0
0.871742 0.114507 2
0.566552 0.648111 0
0.921205 0.69434 0
0.677669 0.648951 0
0.768412 0.670942 0
0.138947 0.805202 1
0.203842 0.850078 1
0.128795 0.830098 1
0.186958 0.90027 1
0.720364 0.649698 0
0.805186 0.584935 0
0.781048 0.144938 2
0.808502 0.193478 2
0.409474 0.812318 1
0.601876 0.672577 0
0.342031 0.810698 1
0.722249 0.218702 2
0.154693 0.874471 1
0.781497 0.18177 2
0.819386 0.229331 2
0.917103 0.629196 0
0.163278 0.864868 1
0.766645 0.586089 0
0.878925 0.116519 2
0.378979 0.760229 1
0.259538 0.951517 1
0.796624 0.0749963 2
0.812632 0.692403 0
0.680751 0.138119 2
0.734387 0.200803 2
0.817839 0.150288 2
0.699995 0.104739 2
0.268762 0.799397 1
0.739974 0.637311 0
0.691562 0.7013 0
0.833525 0.131504 2
0.170941 0.759316 1
0.616095 0.114706 2
0.793289 0.175074 2
0.302082 0.841769 1
0.23435 0.840454 1
0.848028 0.646173 0
0.637223 0.12315 2
0.232229 0.80612 1
0.817092 0.155979 2
0.659775 0.129279 2
0.86923 0.638495 0
0.769529 0.629272 0
0.310984 0.837489 1
0.731047 0.711733 0
0.786792 0.602882 0
0.867851 0.117958 2
0.149832 0.890656 1
0.702859 0.73352 0
0.834805 0.0936287 2
0.804531 0.152369 2
0.218106 0.825289 1
0.669351 0.0652253 2
0.919603 0.633597 0
0.260676 0.808788 1
0.776721 0.195498 2
0.647468 0.235008 2
0.752057 0.219722 2
0.707744 0.646623 0
0.641045 0.0784622 2
0.807461 0.12245 2
0.242249 0.848682 1
0.727146 0.124326 2
0.164884 0.801106 1
0.700442 0.678022 0
0.774477 0.138355 2
0.28413 0.818395 1
0.573792 0.578481 0
0.205917 0.822259 1
0.761179 0.634528 0
0.332792 0.759507 1
0.766704 0.165999 2
0.861129 0.179495 2
0.730509 0.201124 2
0.707644 0.624887 0
0.167027 0.902283 1
0.896757 0.745111 0
0.722573 0.732369 0
0.283865 0.813981 1
0.611741 0.632111 0
0.701002 0.589828 0
0.62392 0.602691 0
0.749392 0.0964401 2
0.124328 0.859332 1
0.712276 0.0937806 2
0.802154 0.586327 0
0.203767 0.864821 1
0.310816 0.83013 1
0.14262 0.802281 1
0.214502 0.813796 1
0.159691 0.8992 1
0.724721 0.61864 0
0.74063 0.142419 2
0.167829 0.798872 1
0.763573 0.664671 0
0.627673 0.759594 0
0.777009 0.167788 2
0.681856 0.694713 0
0.267285 0.916713 1
0.707963 0.182524 2
0.167599 0.866818 1
0.772784 0.14503 2
0.402056 0.823331 1
0.672786 0.0840483 2
0.254215 0.792406 1
0.74335 0.12188 2
0.282548 0.790373 1
0.272374 0.825062 1
0.820597 0.705653 0
0.730141 0.120363 2
0.713412 0.672966 0
0.390425 0.721339 1
0.0708611 0.954241 1
0.864271 0.140907 2
0.447374 0.827425 1
0.724149 0.530432 0
0.703407 0.663625 0
0.773269 0.682784 0
0.241418 0.813738 1
0.177007 0.813104 1
0.303968 0.782147 1
0.832517 0.176305 2
0.768307 0.145297 2
0.634149 0.657761 0
0.802113 0.191487 2
0.270119 0.815117 1
0.887135 0.192137 2
0.207421 0.819023 1
0.216401 0.801812 1
0.701146 0.598 0
0.750692 0.655856 0
